0000000001111902443000194000000000000LIFERAY LATIN AMERICA                                                                                                                                 000030014301102241510201517112015171120151632
0000051813151020150729013174831457
0000051823151020150729013007153459
0000051833151020150730012489326122
0000051843151020150739013842524454
0000051853151020150800021244501958
0000051863151020150812019036968529
0000051873151020150817014765409984
0000051883151020150823013500711455
0000051893151020150824020025351162
0000051903151020150826019018417036
0000051913151020150844020904175817
0000051923151020150853013872950451
0000051933151020150931013415267457
0000051943151020150931020337810219
0000051953151020150950013528176457
0000051963151020150953020064431503
0000051973151020151023020034361620
0000051983151020151032013941205454
0000051993151020151149013174831457
0000052003151020151156013415267457
0000052013151020151156020034361620
0000052023151020151157019018417036
0000052033151020151203013941205454
0000052043151020151203013528176457
0000052053151020151203013500711455
0000052063151020151205014765409984
0000052073151020151207019036968529
0000052083151020151208020904175817
0000052093151020151208013007153459
0000052103151020151211020337810219
0000052113151020151215013872950451
0000052123151020151220021244501958
0000052133151020151223014712380000
0000052143151020151227012489326122
0000052153151020151232013948911451
0000052163151020151240020064431503
0000052173151020151303020025351162
0000052183151020151307019036968529
0000052193151020151308013007153459
0000052203151020151308020904175817
0000052213151020151309013500711455
0000052223151020151309013941205454
0000052233151020151314026726985507
0000052243151020151322014712380000
0000052253151020151323013174831457
0000052263151020151333013528176457
0000052273151020151336013872950451
0000052283151020151339013415267457
0000052293151020151344012489326122
0000052303151020151344014765409984
0000052313151020151345013842524454
0000052323151020151350020025351162
0000052333151020151350020465090456
0000052343151020151352016505994379
0000052353151020151421021244501958
0000052363151020151502013007153459
0000052373151020151525020034361620
0000052383151020151714019036968529
0000052393151020151751013500711455
0000052403151020151800021244501958
0000052413151020151800019018417036
0000052423151020151824013528176457
0000052433151020151828020064431503
0000052443151020151835013872950451
0000052453151020151839013174831457
0000052463151020151845020025351162
0000052473151020151900026726985507
0000052483151020151903012489326122
0000052493151020151915026726985507
0000052503151020151917013415267457
0000052513151020151920013941205454
0000052523151020151930026726985507
0000052533151020151941014765409984
0000052543151020151944020904175817
0000052553151020152008013842524454
0000052563151020152210020034361620
0000052573161020150732012489326122
0000052583161020150751013007153459
0000052593161020150758019036968529
0000052603161020150800021244501958
0000052613161020150824013500711455
0000052623161020150825019018417036
0000052633161020150834013174831457
0000052643161020150845020904175817
0000052653161020150848020025351162
0000052663161020150849020310952608
0000052673161020150859013528176457
0000052683161020150904013872950451
0000052693161020150907013415267457
0000052703161020150947020064431503
0000052713161020151048013842524454
0000052723161020151050013941205454
0000052733161020151120013528176457
0000052743161020151142019036968529
0000052753161020151143020904175817
0000052763161020151144020465090456
0000052773161020151149013007153459
0000052783161020151200020337810219
0000052793161020151200013415267457
0000052803161020151208012489326122
0000052813161020151209013174831457
0000052823161020151214021244501958
0000052833161020151216013872950451
0000052843161020151218013500711455
0000052853161020151218013941205454
0000052863161020151232019018417036
0000052873161020151240020025351162
0000052883161020151241016505994379
0000052893161020151242019036968529
0000052903161020151242020904175817
0000052913161020151249013007153459
0000052923161020151249013528176457
0000052933161020151308026726985507
0000052943161020151316014765409984
0000052953161020151316020064431503
0000052963161020151318013500711455
0000052973161020151318013941205454
0000052983161020151329016884160021
0000052993161020151329013074793979
0000053003161020151338013415267457
0000053013161020151342013174831457
0000053023161020151343020025351162
0000053033161020151346013872950451
0000053043161020151350012489326122
0000053053161020151407019018417036
0000053063161020151414021244501958
0000053073161020151416020064431503
0000053083161020151609013842524454
0000053093161020151639020034361620
0000053103161020151655013500711455
0000053113161020151658013007153459
0000053123161020151709013842524454
0000053133161020151800021244501958
0000053143161020151812020064431503
0000053153161020151815012489326122
0000053163161020151816019036968529
0000053173161020151818020034361620
0000053183161020151819020904175817
0000053193161020151823013174831457
0000053203161020151832013528176457
0000053213161020151834020465090456
0000053223161020151842013415267457
0000053233161020151842020025351162
0000053243161020151857020465090456
0000053253161020151902013941205454
0000053263161020151902019018417036
0000053273161020151903026726985507
0000053283161020151905013872950451
0000053293161020151912020465090456
0000053303161020152015014765409984
0000053313161020152019013842524454
0000053323171020151239013687626457
0000053333191020150700021244501958
0000053343191020150713013842524454
0000053353191020150719012489326122
0000053363191020150755013007153459
0000053373191020150800019036968529
0000053383191020150809020025351162
0000053393191020150819013174831457
0000053403191020150822013500711455
0000053413191020150824019018417036
0000053423191020150843020337810219
0000053433191020150852013528176457
0000053443191020150922013872950451
0000053453191020150923020904175817
0000053463191020150926014444395016
0000053473191020150931020064431503
0000053483191020150937013941205454
0000053493191020150945013415267457
0000053503191020151023015625040277
0000053513191020151152013007153459
0000053523191020151154019018417036
0000053533191020151159020034361620
0000053543191020151200020904175817
0000053553191020151200019036968529
0000053563191020151200013528176457
0000053573191020151201012489326122
0000053583191020151202020025351162
0000053593191020151202013174831457
0000053603191020151203013941205454
0000053613191020151204013500711455
0000053623191020151204015625040277
0000053633191020151204014444395016
0000053643191020151205013842524454
0000053653191020151206013872950451
0000053663191020151214013948911451
0000053673191020151214020064431503
0000053683191020151217014712380000
0000053693191020151219014402904656
0000053703191020151222020337810219
0000053713191020151222021244501958
0000053723191020151233020337810219
0000053733191020151252013007153459
0000053743191020151252026726985507
0000053753191020151304013528176457
0000053763191020151309020904175817
0000053773191020151309019036968529
0000053783191020151309013941205454
0000053793191020151314014402904656
0000053803191020151314020025351162
0000053813191020151314013872950451
0000053823191020151317020034361620
0000053833191020151318013846692939
0000053843191020151320020064431503
0000053853191020151324013174831457
0000053863191020151330013500711455
0000053873191020151330013842524454
0000053883191020151331014444395016
0000053893191020151331014765409984
0000053903191020151331015625040277
0000053913191020151337012489326122
0000053923191020151345020465090456
0000053933191020151345013415267457
0000053943191020151355026771047294
0000053953191020151358019018417036
0000053963191020151409020034361620
0000053973191020151422021244501958
0000053983191020151547013415267457
0000053993191020151648013007153459
0000054003191020151654020337810219
0000054013191020151702026726985507
0000054023191020151710019036968529
0000054033191020151717026726985507
0000054043191020151722014444395016
0000054053191020151743013174831457
0000054063191020151744020904175817
0000054073191020151800021244501958
0000054083191020151800012489326122
0000054093191020151802013500711455
0000054103191020151804014765409984
0000054113191020151804015625040277
0000054123191020151811013528176457
0000054133191020151816020064431503
0000054143191020151828019018417036
0000054153191020151832013872950451
0000054163191020151847013842524454
0000054173191020151852013941205454
0000054183191020151903015625040277
0000054193191020151908020465090456
0000054203191020151912026726985507
0000054213191020151926020465090456
0000054223191020151940020465090456
0000054233191020151956015625040277
0000054243191020152000013415267457
0000054253191020152003020034361620
0000054263201020150726012489326122
0000054273201020150745013007153459
0000054283201020150800021244501958
0000054293201020150813019036968529
0000054303201020150820019018417036
0000054313201020150833013174831457
0000054323201020150834013500711455
0000054333201020150857013872950451
0000054343201020150919026771047294
0000054353201020150922013415267457
0000054363201020150929020904175817
0000054373201020151013020064431503
0000054383201020151020013528176457
0000054393201020151055014444395016
0000054403201020151103013941205454
0000054413201020151114013842524454
0000054423201020151136013174831457
0000054433201020151158014712380000
0000054443201020151201013528176457
0000054453201020151201013500711455
0000054463201020151201013941205454
0000054473201020151202019018417036
0000054483201020151208019036968529
0000054493201020151208020904175817
0000054503201020151208013872950451
0000054513201020151215013846692939
0000054523201020151216012489326122
0000054533201020151216013007153459
0000054543201020151222013948911451
0000054553201020151222013415267457
0000054563201020151223013174831457
0000054573201020151224014444395016
0000054583201020151224014402904656
0000054593201020151227021039712640
0000054603201020151239020025351162
0000054613201020151252020064431503
0000054623201020151255021244501958
0000054633201020151256015625040277
0000054643201020151259020034361620
0000054653201020151301013500711455
0000054663201020151301013941205454
0000054673201020151305020465090456
0000054683201020151309013528176457
0000054693201020151310020337810219
0000054703201020151311019036968529
0000054713201020151311020904175817
0000054723201020151316013007153459
0000054733201020151316014444395016
0000054743201020151316014765409984
0000054753201020151331026726985507
0000054763201020151335020310952608
0000054773201020151335016505994379
0000054783201020151336013872950451
0000054793201020151337026771047294
0000054803201020151338020025351162
0000054813201020151344012489326122
0000054823201020151349020064431503
0000054833201020151405013842524454
0000054843201020151411013415267457
0000054853201020151412014402904656
0000054863201020151434019018417036
0000054873201020151522013842524454
0000054883201020151606020465090456
0000054893201020151634026726985507
0000054903201020151700020465090456
0000054913201020151704026726985507
0000054923201020151706013007153459
0000054933201020151710019036968529
0000054943201020151723013500711455
0000054953201020151745020465090456
0000054963201020151751013174831457
0000054973201020151802021244501958
0000054983201020151807015625040277
0000054993201020151807020337810219
0000055003201020151813020337810219
0000055013201020151824019018417036
0000055023201020151829012489326122
0000055033201020151840020904175817
0000055043201020151900020064431503
0000055053201020151905013872950451
0000055063201020151913020025351162
0000055073201020151930013528176457
0000055083201020151951013415267457
0000055093201020152002026726985507
0000055103201020152004013941205454
0000055113201020152146013846692939
0000055123211020150601013846692939
0000055133211020150718012489326122
0000055143211020150754013007153459
0000055153211020150756019036968529
0000055163211020150800021244501958
0000055173211020150813019018417036
0000055183211020150839013500711455
0000055193211020150840013842524454
0000055203211020150852020337810219
0000055213211020150858020025351162
0000055223211020150910020064431503
0000055233211020150912020904175817
0000055243211020150927013528176457
0000055253211020150928013415267457
0000055263211020150931013872950451
0000055273211020151018013941205454
0000055283211020151030020034361620
0000055293211020151037015625040277
0000055303211020151149020904175817
0000055313211020151149019036968529
0000055323211020151150013007153459
0000055333211020151153020064431503
0000055343211020151155013941205454
0000055353211020151155013528176457
0000055363211020151156013500711455
0000055373211020151158013872950451
0000055383211020151159013415267457
0000055393211020151209013846692939
0000055403211020151212021244501958
0000055413211020151213014402904656
0000055423211020151214013948911451
0000055433211020151219014712380000
0000055443211020151222020337810219
0000055453211020151228019018417036
0000055463211020151228015625040277
0000055473211020151228012489326122
0000055483211020151232020025351162
0000055493211020151236020337810219
0000055503211020151249020904175817
0000055513211020151249019036968529
0000055523211020151251013007153459
0000055533211020151301013528176457
0000055543211020151301013500711455
0000055553211020151301013941205454
0000055563211020151304020064431503
0000055573211020151328020025351162
0000055583211020151345013872950451
0000055593211020151346026726985507
0000055603211020151347026771047294
0000055613211020151349012489326122
0000055623211020151349013846692939
0000055633211020151349013842524454
0000055643211020151349015625040277
0000055653211020151349014765409984
0000055663211020151412021244501958
0000055673211020151412019018417036
0000055683211020151424013415267457
0000055693211020151602013846692939
0000055703211020151607020337810219
0000055713211020151643013842524454
0000055723211020151703013007153459
0000055733211020151707019036968529
0000055743211020151714026771047294
0000055753211020151756020025351162
0000055763211020151759013528176457
0000055773211020151825013500711455
0000055783211020151825013842524454
0000055793211020151832012489326122
0000055803211020151848020064431503
0000055813211020151848026726985507
0000055823211020151904019018417036
0000055833211020151909013872950451
0000055843211020151924013941205454
0000055853211020151931015625040277
0000055863211020151936014765409984
0000055873211020151949013415267457
0000055883211020152011020904175817
0000055893211020152043020034361620
0000055903211020152108014765409984
0000055913211020152147014765409984
0000055923221020150700021244501958
0000055933221020150753013007153459
0000055943221020150807019036968529
0000055953221020150810019018417036
0000055963221020150833020025351162
0000055973221020150838013500711455
0000055983221020150907026771047294
0000055993221020150925013415267457
0000056003221020150944013528176457
0000056013221020150949020904175817
0000056023221020150950012489326122
0000056033221020151003020337810219
0000056043221020151008014765409984
0000056053221020151014013872950451
0000056063221020151015015625040277
0000056073221020151020013941205454
0000056083221020151022014444395016
0000056093221020151022020064431503
0000056103221020151101013846692939
0000056113221020151123013842524454
0000056123221020151129020034361620
0000056133221020151146019036968529
0000056143221020151147013007153459
0000056153221020151147020904175817
0000056163221020151151013528176457
0000056173221020151152013500711455
0000056183221020151153012489326122
0000056193221020151157020034361620
0000056203221020151157014444395016
0000056213221020151202013415267457
0000056223221020151213020025351162
0000056233221020151218013872950451
0000056243221020151220021244501958
0000056253221020151221015625040277
0000056263221020151234013941205454
0000056273221020151237013948911451
0000056283221020151247019036968529
0000056293221020151247013007153459
0000056303221020151248019018417036
0000056313221020151252015625040277
0000056323221020151254020904175817
0000056333221020151258020337810219
0000056343221020151300020034361620
0000056353221020151302014444395016
0000056363221020151304013415267457
0000056373221020151305020064431503
0000056383221020151306020025351162
0000056393221020151329013528176457
0000056403221020151329013500711455
0000056413221020151330013872950451
0000056423221020151338012489326122
0000056433221020151340020465090456
0000056443221020151346013941205454
0000056453221020151359014402904656
0000056463221020151400020064431503
0000056473221020151407026771047294
0000056483221020151414016505994379
0000056493221020151420021244501958
0000056503221020151431019018417036
0000056513221020151526013842524454
0000056523221020151553026726985507
0000056533221020151627014765409984
0000056543221020151632013846692939
0000056553221020151706013842524454
0000056563221020151708026771047294
0000056573221020151712020025351162
0000056583221020151725013007153459
0000056593221020151732014765409984
0000056603221020151732015625040277
0000056613221020151745019036968529
0000056623221020151755019018417036
0000056633221020151800021244501958
0000056643221020151802020465090456
0000056653221020151825015625040277
0000056663221020151830020904175817
0000056673221020151831013500711455
0000056683221020151832013872950451
0000056693221020151839014444395016
0000056703221020151840020064431503
0000056713221020151855012489326122
0000056723221020151901013415267457
0000056733221020151906026726985507
0000056743221020151915013528176457
0000056753221020151932013941205454
0000056763221020152013015625040277
0000056773221020152025020034361620
0000056783221020152201013842524454
0000056793221020152201014765409984
0000056803231020150700021244501958
0000056813231020150759019036968529
0000056823231020150759013007153459
0000056833231020150805019018417036
0000056843231020150849020025351162
0000056853231020150851015625040277
0000056863231020150853013528176457
0000056873231020150902013415267457
0000056883231020150903013872950451
0000056893231020150920026771047294
0000056903231020150930020337810219
0000056913231020150954020465090456
0000056923231020151013014444395016
0000056933231020151041013941205454
0000056943231020151042012489326122
0000056953231020151045013842524454
0000056963231020151045020904175817
0000056973231020151147020064431503
0000056983231020151151012489326122
0000056993231020151157020465090456
0000057003231020151158019036968529
0000057013231020151158020904175817
0000057023231020151159013007153459
0000057033231020151201021244501958
0000057043231020151202013872950451
0000057053231020151203013415267457
0000057063231020151204019018417036
0000057073231020151204013528176457
0000057083231020151204013941205454
0000057093231020151207014402904656
0000057103231020151217020025351162
0000057113231020151218013948911451
0000057123231020151219015625040277
0000057133231020151219014765409984
0000057143231020151220014444395016
0000057153231020151223026726985507
0000057163231020151250020025351162
0000057173231020151250020337810219
0000057183231020151301013528176457
0000057193231020151301021039712640
0000057203231020151302013872950451
0000057213231020151304016505994379
0000057223231020151304020465090456
0000057233231020151305015625040277
0000057243231020151305014444395016
0000057253231020151309019036968529
0000057263231020151309013007153459
0000057273231020151309020904175817
0000057283231020151317026726985507
0000057293231020151322013842524454
0000057303231020151336013941205454
0000057313231020151346013415267457
0000057323231020151401021244501958
0000057333231020151407013846692939
0000057343231020151418019018417036
0000057353231020151422020064431503
0000057363231020151450012489326122
0000057373231020151643019036968529
0000057383231020151653026771047294
0000057393231020151654013007153459
0000057403231020151657020465090456
0000057413231020151739020034361620
0000057423231020151800021244501958
0000057433231020151801015625040277
0000057443231020151802014444395016
0000057453231020151815012489326122
0000057463231020151823020904175817
0000057473231020151830020064431503
0000057483231020151835013528176457
0000057493231020151838013415267457
0000057503231020151844013872950451
0000057513231020151851026726985507
0000057523231020152003013941205454
0000057533231020152024019018417036
0000057543231020152129020034361620
0000057553231020152150013846692939
0000057563231020152200014765409984
0000057573261020150738012489326122
0000057583261020150744013846692939
0000057593261020150752019036968529
0000057603261020150757013007153459
0000057613261020150800021244501958
0000057623261020150826013500711455
0000057633261020150827013415267457
0000057643261020150837019018417036
0000057653261020150855013528176457
0000057663261020150908013842524454
0000057673261020150909020064431503
0000057683261020150923013872950451
0000057693261020150925013941205454
0000057703261020150950020904175817
0000057713261020150953020025351162
0000057723261020151023015625040277
0000057733261020151036014444395016
0000057743261020151036014712380000
0000057753261020151139019036968529
0000057763261020151139020904175817
0000057773261020151146020064431503
0000057783261020151149013007153459
0000057793261020151153014765409984
0000057803261020151153015053573984
0000057813261020151153013500711455
0000057823261020151201020025351162
0000057833261020151203013872950451
0000057843261020151204015625040277
0000057853261020151204013528176457
0000057863261020151204014444395016
0000057873261020151204013846692939
0000057883261020151206012489326122
0000057893261020151207013941205454
0000057903261020151212013415267457
0000057913261020151215013948911451
0000057923261020151222020337810219
0000057933261020151226014712380000
0000057943261020151231020034361620
0000057953261020151233019018417036
0000057963261020151235020034361620
0000057973261020151239019036968529
0000057983261020151239020904175817
0000057993261020151242021244501958
0000058003261020151242015053573984
0000058013261020151245013174831457
0000058023261020151249013007153459
0000058033261020151255020025351162
0000058043261020151303020064431503
0000058053261020151308013941205454
0000058063261020151313013528176457
0000058073261020151317013500711455
0000058083261020151320013872950451
0000058093261020151321026726985507
0000058103261020151321015625040277
0000058113261020151322014444395016
0000058123261020151322013846692939
0000058133261020151329014712380000
0000058143261020151346012489326122
0000058153261020151407013415267457
0000058163261020151439019018417036
0000058173261020151442021244501958
0000058183261020151457013846692939
0000058193261020151516013842524454
0000058203261020151636019036968529
0000058213261020151658013007153459
0000058223261020151659013842524454
0000058233261020151700020337810219
0000058243261020151712020337810219
0000058253261020151735020465090456
0000058263261020151740012489326122
0000058273261020151750013500711455
0000058283261020151756020465090456
0000058293261020151800021244501958
0000058303261020151808026726985507
0000058313261020151819019018417036
0000058323261020151823026726985507
0000058333261020151842013528176457
0000058343261020151846020064431503
0000058353261020151856013415267457
0000058363261020151858020337810219
0000058373261020151858013872950451
0000058383261020151859013941205454
0000058393261020151908013174831457
0000058403261020151931014765409984
0000058413261020151931014444395016
0000058423261020151955015625040277
0000058433261020152002020904175817
0000058443261020152014014765409984
0000058453261020152017026726985507
0000058463261020152018020034361620
0000058473261020152041014444395016
0000058483261020152051020465090456
0000058493261020152054013842524454
0000058503261020152105014765409984
0000058513261020152106014444395016
0000058523261020152210020025351162
0000058533271020150714012489326122
0000058543271020150756019018417036
0000058553271020150800021244501958
0000058563271020150803019036968529
0000058573271020150805013007153459
0000058583271020150820013174831457
0000058593271020150827013500711455
0000058603271020150844020064431503
0000058613271020150903020904175817
0000058623271020150922013872950451
0000058633271020150925013415267457
0000058643271020150928013528176457
0000058653271020150955020025351162
0000058663271020150956013941205454
0000058673271020150956013842524454
0000058683271020151007015625040277
0000058693271020151049014444395016
0000058703271020151137013174831457
0000058713271020151143020465090456
0000058723271020151145019018417036
0000058733271020151149013007153459
0000058743271020151155013415267457
0000058753271020151159014765409984
0000058763271020151202013528176457
0000058773271020151203013941205454
0000058783271020151207013872950451
0000058793271020151208012489326122
0000058803271020151212015625040277
0000058813271020151216020025351162
0000058823271020151217013174831457
0000058833271020151217020064431503
0000058843271020151220014444395016
0000058853271020151222019036968529
0000058863271020151222020904175817
0000058873271020151222020034361620
0000058883271020151230020465090456
0000058893271020151235021244501958
0000058903271020151239016585841736
0000058913271020151249013007153459
0000058923271020151255015625040277
0000058933271020151303013941205454
0000058943271020151304013528176457
0000058953271020151306016884160021
0000058963271020151306013948911451
0000058973271020151310016505994379
0000058983271020151310012489326122
0000058993271020151312026726985507
0000059003271020151313020034361620
0000059013271020151321014444395016
0000059023271020151322013872950451
0000059033271020151323019036968529
0000059043271020151323020904175817
0000059053271020151329020064431503
0000059063271020151336020025351162
0000059073271020151341013846692939
0000059083271020151350013500711455
0000059093271020151356020337810219
0000059103271020151400013415267457
0000059113271020151400014402904656
0000059123271020151418020034361620
0000059133271020151432019018417036
0000059143271020151435021244501958
0000059153271020151453013500711455
0000059163271020151506013842524454
0000059173271020151627013842524454
0000059183271020151705013007153459
0000059193271020151723020337810219
0000059203271020151740013500711455
0000059213271020151742013872950451
0000059223271020151800021244501958
0000059233271020151800020337810219
0000059243271020151806013415267457
0000059253271020151808020064431503
0000059263271020151814019036968529
0000059273271020151815013174831457
0000059283271020151817020025351162
0000059293271020151838012489326122
0000059303271020151903014765409984
0000059313271020151909019018417036
0000059323271020151927014765409984
0000059333271020151929013528176457
0000059343271020151939020465090456
0000059353271020151953013941205454
0000059363271020151957026726985507
0000059373271020152004015625040277
0000059383271020152012026726985507
0000059393271020152021026726985507
0000059403271020152028020904175817
0000059413271020152053014765409984
0000059423271020152054020034361620
0000059433271020152054013842524454
0000059443281020150718012489326122
0000059453281020150746013007153459
0000059463281020150800021244501958
0000059473281020150802019036968529
0000059483281020150806019018417036
0000059493281020150827013174831457
0000059503281020150843013415267457
0000059513281020150853013872950451
0000059523281020150930013528176457
0000059533281020150938020064431503
0000059543281020150950020904175817
0000059553281020151017020337810219
0000059563281020151020015625040277
0000059573281020151020014444395016
0000059583281020151024020025351162
0000059593281020151028013500711455
0000059603281020151032013842524454
0000059613281020151035013941205454
0000059623281020151105019018417036
0000059633281020151135013174831457
0000059643281020151139014765409984
0000059653281020151145013415267457
0000059663281020151151019036968529
0000059673281020151151013007153459
0000059683281020151151020904175817
0000059693281020151156014444395016
0000059703281020151156020064431503
0000059713281020151200014402904656
0000059723281020151206013872950451
0000059733281020151207013500711455
0000059743281020151207013528176457
0000059753281020151207013941205454
0000059763281020151221021244501958
0000059773281020151221020337810219
0000059783281020151221013174831457
0000059793281020151243015625040277
0000059803281020151245012489326122
0000059813281020151251014444395016
0000059823281020151251013007153459
0000059833281020151253020025351162
0000059843281020151253019036968529
0000059853281020151254020904175817
0000059863281020151303020064431503
0000059873281020151303026726985507
0000059883281020151304020337810219
0000059893281020151306013872950451
0000059903281020151306013528176457
0000059913281020151307013500711455
0000059923281020151307013941205454
0000059933281020151318026726985507
0000059943281020151319020465090456
0000059953281020151324013846692939
0000059963281020151343012489326122
0000059973281020151345020025351162
0000059983281020151348026726985507
0000059993281020151352013415267457
0000060003281020151421021244501958
0000060013281020151423019018417036
0000060023281020151450013842524454
0000060033281020151557013842524454
0000060043281020151653020034361620
0000060053281020151702013007153459
0000060063281020151723013174831457
0000060073281020151741020025351162
0000060083281020151753020904175817
0000060093281020151754019036968529
0000060103281020151755013872950451
0000060113281020151758020064431503
0000060123281020151800021244501958
0000060133281020151817020337810219
0000060143281020151824019018417036
0000060153281020151833013528176457
0000060163281020151834013500711455
0000060173281020151841012489326122
0000060183281020151849020465090456
0000060193281020151859014765409984
0000060203281020151913013415267457
0000060213281020151933013941205454
0000060223281020151945014444395016
0000060233281020151946013842524454
0000060243281020152000020034361620
0000060253281020152008015625040277
0000060263281020152017026726985507
0000060273281020152046014765409984
0000060283281020152155014765409984
0000060293281020152157013846692939
0000060303291020150710012489326122
0000060313291020150750015625040277
0000060323291020150800021244501958
0000060333291020150802019036968529
0000060343291020150816019018417036
0000060353291020150836013500711455
0000060363291020150840013174831457
0000060373291020150905013872950451
0000060383291020150914013528176457
0000060393291020150915020064431503
0000060403291020150922013007153459
0000060413291020150923013415267457
0000060423291020150938020904175817
0000060433291020150942020337810219
0000060443291020150950014444395016
0000060453291020151015020025351162
0000060463291020151047013941205454
0000060473291020151048013842524454
0000060483291020151053020034361620
0000060493291020151150013415267457
0000060503291020151155020064431503
0000060513291020151157019036968529
0000060523291020151157013007153459
0000060533291020151157020904175817
0000060543291020151159020034361620
0000060553291020151200013174831457
0000060563291020151200012489326122
0000060573291020151203019018417036
0000060583291020151205014765409984
0000060593291020151205013872950451
0000060603291020151205013500711455
0000060613291020151205013941205454
0000060623291020151205013528176457
0000060633291020151205020025351162
0000060643291020151207014444395016
0000060653291020151209015625040277
0000060663291020151221021244501958
0000060673291020151227020337810219
0000060683291020151255020034361620
0000060693291020151259026726985507
0000060703291020151301026726985507
0000060713291020151304019036968529
0000060723291020151304020904175817
0000060733291020151305012489326122
0000060743291020151305013007153459
0000060753291020151305013174831457
0000060763291020151305015625040277
0000060773291020151310013500711455
0000060783291020151310020025351162
0000060793291020151310013528176457
0000060803291020151311013941205454
0000060813291020151317020064431503
0000060823291020151318016505994379
0000060833291020151319020465090456
0000060843291020151319013872950451
0000060853291020151322014444395016
0000060863291020151330026726985507
0000060873291020151331013528176457
0000060883291020151334013842524454
0000060893291020151347013846692939
0000060903291020151349013948911451
0000060913291020151357019018417036
0000060923291020151404013415267457
0000060933291020151421021244501958
0000060943291020151447013842524454
0000060953291020151622019036968529
0000060963291020151704013174831457
0000060973291020151714019012418715
0000060983291020151722020025351162
0000060993291020151743020465090456
0000061003291020151746015625040277
0000061013291020151755013007153459
0000061023291020151757013500711455
0000061033291020151800021244501958
0000061043291020151807019018417036
0000061053291020151810014765409984
0000061063291020151821020064431503
0000061073291020151824012489326122
0000061083291020151827020904175817
0000061093291020151829013528176457
0000061103291020151834015625040277
0000061113291020151847013872950451
0000061123291020151914013415267457
0000061133291020151917014765409984
0000061143291020152019013941205454
0000061153291020152050026726985507
0000061163291020152143015625040277
0000061173291020152144014444395016
0000061183291020152153013846692939
0000061193291020152154014765409984
0000061203291020152155020034361620
0000061213291020152200013842524454
0000061223301020150723012489326122
0000061233301020150728013415267457
0000061243301020150748019036968529
0000061253301020150753013007153459
0000061263301020150800021244501958
0000061273301020150807019018417036
0000061283301020150810013500711455
0000061293301020150846013174831457
0000061303301020150901013872950451
0000061313301020150908013528176457
0000061323301020150922020064431503
0000061333301020150923020904175817
0000061343301020150932020465090456
0000061353301020150939020025351162
0000061363301020151029013842524454
0000061373301020151038013941205454
0000061383301020151120015625040277
0000061393301020151144012489326122
0000061403301020151155014765409984
0000061413301020151155020465090456
0000061423301020151159013528176457
0000061433301020151200013872950451
0000061443301020151200013941205454
0000061453301020151201013500711455
0000061463301020151201013174831457
0000061473301020151201015625040277
0000061483301020151201019036968529
0000061493301020151201020904175817
0000061503301020151201013007153459
0000061513301020151202020064431503
0000061523301020151206013415267457
0000061533301020151209026726985507
0000061543301020151236020465090456
0000061553301020151241021244501958
0000061563301020151245019018417036
0000061573301020151303013872950451
0000061583301020151303013528176457
0000061593301020151303020025351162
0000061603301020151303013174831457
0000061613301020151307013500711455
0000061623301020151307013941205454
0000061633301020151307019036968529
0000061643301020151307020904175817
0000061653301020151307013007153459
0000061663301020151310020034361620
0000061673301020151310015625040277
0000061683301020151318020064431503
0000061693301020151343013846692939
0000061703301020151351020337810219
0000061713301020151357013415267457
0000061723301020151432020025351162
0000061733301020151441021244501958
0000061743301020151534013842524454
0000061753301020151540019018417036
0000061763301020151638026726985507
0000061773301020151654026726985507
0000061783301020151706019036968529
0000061793301020151706013007153459
0000061803301020151731013174831457
0000061813301020151739013842524454
0000061823301020151741014765409984
0000061833301020151748020465090456
0000061843301020151813013528176457
0000061853301020151816020025351162
0000061863301020151836020064431503
0000061873301020151837012489326122
0000061883301020151837013500711455
0000061893301020151839013415267457
0000061903301020151839013872950451
0000061913301020151839026726985507
0000061923301020151854020337810219
0000061933301020151908019018417036
0000061943301020151908020034361620
0000061953301020151926015625040277
0000061963301020151934020904175817
0000061973301020151937014765409984
0000061983301020152007013941205454
0000061993301020152045013846692939
0000062003301020152045014765409984
0000062013301020152045013842524454
0000062023311020150726013397062453
0000062033311020151707019018417036
0000062043311020152003019018417036
0000062053021120151542019018417036
0000062063021120151936019018417036
0000062073031120150700021244501958
0000062083031120150728012489326122
0000062093031120150747019036968529
0000062103031120150748013007153459
0000062113031120150813019018417036
0000062123031120150823013174831457
0000062133031120150828013500711455
0000062143031120150851020025351162
0000062153031120150913013941205454
0000062163031120150914013415267457
0000062173031120150916020064431503
0000062183031120150922013872950451
0000062193031120150934013528176457
0000062203031120151008020904175817
0000062213031120151011026726985507
0000062223031120151035014444395016
0000062233031120151045020337810219
0000062243031120151113015625040277
0000062253031120151124013842524454
0000062263031120151145019036968529
0000062273031120151146020904175817
0000062283031120151146013007153459
0000062293031120151150026726985507
0000062303031120151151020337810219
0000062313031120151151013415267457
0000062323031120151152012489326122
0000062333031120151154014765409984
0000062343031120151201014444395016
0000062353031120151201020025351162
0000062363031120151206013528176457
0000062373031120151206013500711455
0000062383031120151209026726985507
0000062393031120151209020337810219
0000062403031120151215020025351162
0000062413031120151224013872950451
0000062423031120151227021244501958
0000062433031120151236019018417036
0000062443031120151237013174831457
0000062453031120151245019036968529
0000062463031120151245020904175817
0000062473031120151246013007153459
0000062483031120151246020064431503
0000062493031120151249013941205454
0000062503031120151301014444395016
0000062513031120151303020465090456
0000062523031120151306013500711455
0000062533031120151306013528176457
0000062543031120151325015625040277
0000062553031120151326020025351162
0000062563031120151331012489326122
0000062573031120151338013174831457
0000062583031120151341013872950451
0000062593031120151351013846692939
0000062603031120151402013415267457
0000062613031120151404013941205454
0000062623031120151422015625040277
0000062633031120151427021244501958
0000062643031120151452019018417036
0000062653031120151515020064431503
0000062663031120151525020034361620
0000062673031120151615013842524454
0000062683031120151653019036968529
0000062693031120151659013007153459
0000062703031120151715013842524454
0000062713031120151745020465090456
0000062723031120151754015625040277
0000062733031120151755020337810219
0000062743031120151755026726985507
0000062753031120151756013846692939
0000062763031120151756013500711455
0000062773031120151800020465090456
0000062783031120151802021244501958
0000062793031120151830020064431503
0000062803031120151849013872950451
0000062813031120151856020904175817
0000062823031120151912013174831457
0000062833031120151922020465090456
0000062843031120151925013528176457
0000062853031120151931019018417036
0000062863031120151947012489326122
0000062873031120151948013415267457
0000062883031120152020013941205454
0000062893031120152033014444395016
0000062903031120152033014765409984
0000062913031120152033013842524454
0000062923031120152125020034361620
0000062933041120150718012489326122
0000062943041120150727013842524454
0000062953041120150744019036968529
0000062963041120150800021244501958
0000062973041120150804013007153459
0000062983041120150804020025351162
0000062993041120150809019018417036
0000063003041120150816013174831457
0000063013041120150842013872950451
0000063023041120150848013500711455
0000063033041120150900020064431503
0000063043041120150917013528176457
0000063053041120150930013415267457
0000063063041120150937020904175817
0000063073041120151017014444395016
0000063083041120151038013941205454
0000063093041120151048020337810219
0000063103041120151124019018417036
0000063113041120151140013174831457
0000063123041120151147013007153459
0000063133041120151148013846692939
0000063143041120151149020904175817
0000063153041120151150019036968529
0000063163041120151154013528176457
0000063173041120151154020025351162
0000063183041120151154013500711455
0000063193041120151154013941205454
0000063203041120151154013415267457
0000063213041120151154012489326122
0000063223041120151209013872950451
0000063233041120151212020337810219
0000063243041120151218021244501958
0000063253041120151220013174831457
0000063263041120151222020064431503
0000063273041120151231020337810219
0000063283041120151239014444395016
0000063293041120151239014765409984
0000063303041120151240013842524454
0000063313041120151243026726985507
0000063323041120151246013007153459
0000063333041120151249020904175817
0000063343041120151250019036968529
0000063353041120151254013500711455
0000063363041120151254013941205454
0000063373041120151254013528176457
0000063383041120151300012489326122
0000063393041120151303026726985507
0000063403041120151305020025351162
0000063413041120151312015625040277
0000063423041120151318026726985507
0000063433041120151320019018417036
0000063443041120151353014444395016
0000063453041120151353013842524454
0000063463041120151401013415267457
0000063473041120151412020034361620
0000063483041120151417013872950451
0000063493041120151418021244501958
0000063503041120151422020465090456
0000063513041120151423020064431503
0000063523041120151651019036968529
0000063533041120151701013007153459
0000063543041120151750013500711455
0000063553041120151800021244501958
0000063563041120151807020064431503
0000063573041120151824020337810219
0000063583041120151826013528176457
0000063593041120151827020904175817
0000063603041120151827013174831457
0000063613041120151836014444395016
0000063623041120151837012489326122
0000063633041120151839013872950451
0000063643041120151839020025351162
0000063653041120151841019018417036
0000063663041120151851013842524454
0000063673041120151857020465090456
0000063683041120151930020034361620
0000063693041120151933013846692939
0000063703041120151941013415267457
0000063713041120152004026726985507
0000063723041120152021013941205454
0000063733041120152129015625040277
0000063743041120152153014765409984
0000063753051120150719012489326122
0000063763051120150800021244501958
0000063773051120150800019036968529
0000063783051120150803019018417036
0000063793051120150807013007153459
0000063803051120150824020904175817
0000063813051120150830013500711455
0000063823051120150855013174831457
0000063833051120150911013872950451
0000063843051120150928013528176457
0000063853051120150929020064431503
0000063863051120150930013415267457
0000063873051120150935020337810219
0000063883051120150949015625040277
0000063893051120150951013941205454
0000063903051120151115019018417036
0000063913051120151154019036968529
0000063923051120151200013174831457
0000063933051120151201013007153459
0000063943051120151201020904175817
0000063953051120151204013528176457
0000063963051120151204013872950451
0000063973051120151204013500711455
0000063983051120151204013941205454
0000063993051120151216021244501958
0000064003051120151216013415267457
0000064013051120151220012489326122
0000064023051120151234020064431503
0000064033051120151238013842524454
0000064043051120151238014444395016
0000064053051120151247014765409984
0000064063051120151251020337810219
0000064073051120151254019036968529
0000064083051120151301013007153459
0000064093051120151301020904175817
0000064103051120151304013500711455
0000064113051120151304013941205454
0000064123051120151304013528176457
0000064133051120151305013846692939
0000064143051120151307015625040277
0000064153051120151309026726985507
0000064163051120151318013872950451
0000064173051120151322013415267457
0000064183051120151347020025351162
0000064193051120151355015625040277
0000064203051120151356013174831457
0000064213051120151412020064431503
0000064223051120151414019018417036
0000064233051120151416021244501958
0000064243051120151624020034361620
0000064253051120151632013842524454
0000064263051120151640019036968529
0000064273051120151701013007153459
0000064283051120151702013174831457
0000064293051120151713026726985507
0000064303051120151728026726985507
0000064313051120151732013842524454
0000064323051120151752013500711455
0000064333051120151801019018417036
0000064343051120151806021244501958
0000064353051120151808020064431503
0000064363051120151827013872950451
0000064373051120151828014444395016
0000064383051120151828013846692939
0000064393051120151829013415267457
0000064403051120151842012489326122
0000064413051120151859020465090456
0000064423051120151900020904175817
0000064433051120151901014765409984
0000064443051120151954014444395016
0000064453051120152006026726985507
0000064463051120152008013528176457
0000064473051120152018014765409984
0000064483051120152029013941205454
0000064493051120152032015625040277
0000064503051120152040020025351162
0000064513051120152053014444395016
0000064523051120152054014765409984
0000064533051120152055013842524454
0000064543051120152108020034361620
0000064553061120150721012489326122
0000064563061120150750013007153459
0000064573061120150759019036968529
0000064583061120150800021244501958
0000064593061120150802013174831457
0000064603061120150806015625040277
0000064613061120150814019018417036
0000064623061120150828020904175817
0000064633061120150835020337810219
0000064643061120150845020025351162
0000064653061120150848013528176457
0000064663061120150904013941205454
0000064673061120150917013415267457
0000064683061120150948016505994379
0000064693061120150953020064431503
0000064703061120151053013842524454
0000064713061120151106014444395016
0000064723061120151121026726985507
0000064733061120151123026726985507
0000064743061120151138020025351162
0000064753061120151140026726985507
0000064763061120151141013415267457
0000064773061120151154013528176457
0000064783061120151154013941205454
0000064793061120151200021244501958
0000064803061120151202020337810219
0000064813061120151206019018417036
0000064823061120151211019036968529
0000064833061120151211013007153459
0000064843061120151211013174831457
0000064853061120151212020904175817
0000064863061120151241013415267457
0000064873061120151241020025351162
0000064883061120151244013941205454
0000064893061120151257014765409984
0000064903061120151259020064431503
0000064913061120151300015625040277
0000064923061120151300014444395016
0000064933061120151300012489326122
0000064943061120151323013007153459
0000064953061120151324020904175817
0000064963061120151324013174831457
0000064973061120151324019036968529
0000064983061120151400021244501958
0000064993061120151409020064431503
0000065003061120151417014444395016
0000065013061120151417012489326122
0000065023061120151417015625040277
0000065033061120151425019018417036
0000065043061120151603020337810219
0000065053061120151623019036968529
0000065063061120151652013174831457
0000065073061120151658013007153459
0000065083061120151659013842524454
0000065093061120151659012489326122
0000065103061120151701020025351162
0000065113061120151707014444395016
0000065123061120151708015625040277
0000065133061120151722020064431503
0000065143061120151746013415267457
0000065153061120151800021244501958
0000065163061120151823013528176457
0000065173061120151825013941205454
0000065183061120151826019018417036
0000065193061120151827026726985507
0000065203061120151910020904175817
0000065213061120151958013842524454
0000065223061120152108014765409984
0000065233071120150801013007153459
0000065243071120151436013007153459
0000065253091120150658013842524454
0000065263091120150718012489326122
0000065273091120150734013007153459
0000065283091120150759019036968529
0000065293091120150800021244501958
0000065303091120150822013500711455
0000065313091120150828019018417036
0000065323091120150835013941205454
0000065333091120150844015625040277
0000065343091120150846013174831457
0000065353091120150853020904175817
0000065363091120150901013528176457
0000065373091120150907020337810219
0000065383091120150910019018417036
0000065393091120150916020025351162
0000065403091120150919013872950451
0000065413091120150927020064431503
0000065423091120150929013415267457
0000065433091120150942014444395016
0000065443091120151134020904175817
0000065453091120151135019036968529
0000065463091120151138013007153459
0000065473091120151143020025351162
0000065483091120151146013528176457
0000065493091120151146013500711455
0000065503091120151151013415267457
0000065513091120151158013174831457
0000065523091120151206013872950451
0000065533091120151215020064431503
0000065543091120151220020337810219
0000065553091120151224013941205454
0000065563091120151234014444395016
0000065573091120151235020337810219
0000065583091120151236013842524454
0000065593091120151236019036968529
0000065603091120151236020904175817
0000065613091120151238013007153459
0000065623091120151244015625040277
0000065633091120151250013500711455
0000065643091120151252013528176457
0000065653091120151303013174831457
0000065663091120151309020465090456
0000065673091120151310013872950451
0000065683091120151314012489326122
0000065693091120151316021244501958
0000065703091120151326019018417036
0000065713091120151328013941205454
0000065723091120151328014444395016
0000065733091120151328014765409984
0000065743091120151329013415267457
0000065753091120151338015625040277
0000065763091120151352012489326122
0000065773091120151356020064431503
0000065783091120151357013842524454
0000065793091120151404013846692939
0000065803091120151406020025351162
0000065813091120151519021244501958
0000065823091120151700013007153459
0000065833091120151714019036968529
0000065843091120151743020337810219
0000065853091120151809013500711455
0000065863091120151815013528176457
0000065873091120151832013842524454
0000065883091120151845020904175817
0000065893091120151845013872950451
0000065903091120151855013941205454
0000065913091120151855019018417036
0000065923091120151900020465090456
0000065933091120151900020025351162
0000065943091120151903020064431503
0000065953091120151921013415267457
0000065963091120151922013174831457
0000065973091120151928014444395016
0000065983091120151928013846692939
0000065993091120151935015625040277
0000066003091120152151012489326122
0000066013091120152151014765409984
0000066023101120150735013007153459
0000066033101120150757019036968529
0000066043101120150800021244501958
0000066053101120150812019018417036
0000066063101120150830013500711455
0000066073101120150836020025351162
0000066083101120150900020904175817
0000066093101120150907013415267457
0000066103101120150917013872950451
0000066113101120150921015625040277
0000066123101120150935020064431503
0000066133101120150938013941205454
0000066143101120150945020465090456
0000066153101120151114013846692939
0000066163101120151149013415267457
0000066173101120151156020064431503
0000066183101120151200021244501958
0000066193101120151200013872950451
0000066203101120151201020064431503
0000066213101120151205013500711455
0000066223101120151207013941205454
0000066233101120151213020337810219
0000066243101120151215013007153459
0000066253101120151220019036968529
0000066263101120151221019018417036
0000066273101120151221020904175817
0000066283101120151224014765409984
0000066293101120151228013174831457
0000066303101120151229020025351162
0000066313101120151231013842524454
0000066323101120151233013528176457
0000066333101120151237013174831457
0000066343101120151248015625040277
0000066353101120151251012489326122
0000066363101120151303013872950451
0000066373101120151304020064431503
0000066383101120151305013500711455
0000066393101120151315013007153459
0000066403101120151320019036968529
0000066413101120151321020904175817
0000066423101120151337020034361620
0000066433101120151338012489326122
0000066443101120151341013174831457
0000066453101120151345013415267457
0000066463101120151348015625040277
0000066473101120151356026726985507
0000066483101120151357020025351162
0000066493101120151359013941205454
0000066503101120151400021244501958
0000066513101120151416020064431503
0000066523101120151423014444395016
0000066533101120151435019018417036
0000066543101120151452020465090456
0000066553101120151508013846692939
0000066563101120151603020465090456
0000066573101120151618020337810219
0000066583101120151631013846692939
0000066593101120151635013842524454
0000066603101120151638020034361620
0000066613101120151645020337810219
0000066623101120151657013007153459
0000066633101120151658019036968529
0000066643101120151710020025351162
0000066653101120151731026726985507
0000066663101120151734013842524454
0000066673101120151757013500711455
0000066683101120151757020904175817
0000066693101120151828013174831457
0000066703101120151830020064431503
0000066713101120151840013872950451
0000066723101120151857020465090456
0000066733101120151907020337810219
0000066743101120151939019018417036
0000066753101120152005013941205454
0000066763101120152009012489326122
0000066773101120152010015625040277
0000066783101120152011026726985507
0000066793101120152024013528176457
0000066803101120152039020034361620
0000066813101120152042014444395016
0000066823101120152042013842524454
0000066833101120152043013415267457
0000066843101120152126013846692939
0000066853101120152155014765409984
0000066863111120150707012489326122
0000066873111120150730013842524454
0000066883111120150732013007153459
0000066893111120150739014712380000
0000066903111120150755013174831457
0000066913111120150756019036968529
0000066923111120150800021244501958
0000066933111120150809019018417036
0000066943111120150816013500711455
0000066953111120150841020904175817
0000066963111120150858020025351162
0000066973111120150910013872950451
0000066983111120150916013528176457
0000066993111120150937013415267457
0000067003111120150953020337810219
0000067013111120151016020064431503
0000067023111120151020015625040277
0000067033111120151032014444395016
0000067043111120151108013941205454
0000067053111120151145014765409984
0000067063111120151153013528176457
0000067073111120151153013500711455
0000067083111120151153013941205454
0000067093111120151154013872950451
0000067103111120151155014444395016
0000067113111120151155013842524454
0000067123111120151157013415267457
0000067133111120151158020064431503
0000067143111120151203013174831457
0000067153111120151203020025351162
0000067163111120151204015625040277
0000067173111120151209021244501958
0000067183111120151232019036968529
0000067193111120151233020904175817
0000067203111120151233013007153459
0000067213111120151234012489326122
0000067223111120151234020337810219
0000067233111120151238020465090456
0000067243111120151243026726985507
0000067253111120151253013500711455
0000067263111120151253013941205454
0000067273111120151253013528176457
0000067283111120151257019018417036
0000067293111120151303013174831457
0000067303111120151305015625040277
0000067313111120151309021244501958
0000067323111120151312013872950451
0000067333111120151324013842524454
0000067343111120151324014444395016
0000067353111120151330020337810219
0000067363111120151332019036968529
0000067373111120151333013007153459
0000067383111120151333020904175817
0000067393111120151341013415267457
0000067403111120151346013846692939
0000067413111120151355020064431503
0000067443111120151404020025351162
0000067453111120151407026726985507
0000067463111120151409019018417036
0000067473111120151424026726985507
0000067493111120151603013846692939
0000067503111120151615019018417036
0000067513111120151703013007153459
0000067523111120151715020465090456
0000067533111120151715020034361620
0000067543111120151730013500711455
0000067553111120151730020465090456
0000067563111120151753020904175817
0000067573111120151810012489326122
0000067583111120151834019036968529
0000067593111120151843013174831457
0000067603111120151901013842524454
0000067613111120151903020337810219
0000067623111120151905020465090456
0000067633111120151912020064431503
0000067643111120151920013415267457
0000067653111120151929026726985507
0000067663111120151931013941205454
0000067673111120151933014444395016
0000067683111120151934013528176457
0000067693111120152015015625040277
0000067703111120152131020025351162
0000067713111120152154020034361620
0000067723111120152154014765409984
0000067733121120150742013007153459
0000067743121120150743020480708457
0000067753121120150753015625040277
0000067763121120150756013174831457
0000067773121120150756019036968529
0000067783121120150800021244501958
0000067793121120150802013941205454
0000067803121120150822013500711455
0000067813121120150830020337810219
0000067823121120150833019018417036
0000067833121120150845020025351162
0000067843121120150908020904175817
0000067853121120150916013415267457
0000067863121120150922013872950451
0000067873121120150936012489326122
0000067883121120150953013528176457
0000067893121120151004020064431503
0000067903121120151007013842524454
0000067913121120151128013174831457
0000067923121120151129019036968529
0000067933121120151129020904175817
0000067943121120151154013415267457
0000067953121120151159013500711455
0000067963121120151159020480708457
0000067973121120151159013941205454
0000067983121120151200021244501958
0000067993121120151208020025351162
0000068003121120151209013528176457
0000068013121120151211013872950451
0000068023121120151213019018417036
0000068033121120151216020064431503
0000068043121120151223013007153459
0000068053121120151246013174831457
0000068063121120151246014765409984
0000068073121120151259013500711455
0000068083121120151259020480708457
0000068093121120151259013528176457
0000068103121120151259013941205454
0000068113121120151300026726985507
0000068123121120151302012489326122
0000068133121120151305020465090456
0000068143121120151316013872950451
0000068153121120151321013007153459
0000068163121120151328020025351162
0000068173121120151330026726985507
0000068183121120151333020337810219
0000068193121120151339013415267457
0000068203121120151347019018417036
0000068213121120151350015625040277
0000068223121120151352020064431503
0000068233121120151356026726985507
0000068243121120151359019036968529
0000068253121120151359020904175817
0000068263121120151400021244501958
0000068273121120151403013846692939
0000068283121120151423012489326122
0000068293121120151423013842524454
0000068303121120151449015625040277
0000068313121120151545013174831457
0000068323121120151555013842524454
0000068333121120151708013007153459
0000068343121120151741020025351162
0000068353121120151744020480708457
0000068363121120151744013500711455
0000068373121120151753019036968529
0000068383121120151753020465090456
0000068393121120151757014765409984
0000068403121120151800021244501958
0000068413121120151800019018417036
0000068423121120151828020064431503
0000068433121120151831013872950451
0000068443121120151844012489326122
0000068453121120151853013846692939
0000068463121120151858020904175817
0000068473121120151909013415267457
0000068483121120151920020034361620
0000068493121120151921026726985507
0000068503121120151929013528176457
0000068513121120152006013842524454
0000068523121120152026013941205454
0000068533121120152157020034361620
0000068543131120150043015625040277
0000068553131120150732020480708457
0000068563131120150734013007153459
0000068573131120150738019036968529
0000068583131120150746020034361620
0000068593131120150757013174831457
0000068603131120150800021244501958
0000068613131120150801020337810219
0000068623131120150824013500711455
0000068653131120150857012489326122
0000068663131120150905013872950451
0000068673131120150928013528176457
0000068683131120150933020025351162
0000068693131120150937013415267457
0000068703131120150959020904175817
0000068713131120151009013941205454
0000068723131120151012020064431503
0000068733131120151057013842524454
0000068743131120151106012489326122
0000068763131120151129013872950451
0000068773131120151144020064431503
0000068783131120151151014765409984
0000068793131120151157013500711455
0000068803131120151157020480708457
0000068813131120151158020904175817
0000068823131120151158019036968529
0000068833131120151158013007153459
0000068843131120151201021244501958
0000068853131120151205020465090456
0000068863131120151208013528176457
0000068873131120151209019018417036
0000068883131120151210013415267457
0000068893131120151216013174831457
0000068903131120151223020337810219
0000068913131120151226013941205454
0000068923131120151228020025351162
0000068933131120151248015625040277
0000068943131120151255020337810219
0000068953131120151256020025351162
0000068963131120151256013872950451
0000068973131120151257013500711455
0000068983131120151257020480708457
0000068993131120151258019036968529
0000069003131120151258013007153459
0000069013131120151258020904175817
0000069023131120151314013415267457
0000069033131120151314014444395016
0000069043131120151321013528176457
0000069053131120151333013941205454
0000069063131120151334020064431503
0000069073131120151341020465090456
0000069083131120151400013174831457
0000069093131120151401021244501958
0000069103131120151414012489326122
0000069113131120151415026726985507
0000069123131120151437019018417036
0000069133131120151453013842524454
0000069143131120151558013842524454
0000069153131120151648013007153459
0000069163131120151653012489326122
0000069173131120151713020034361620
0000069183131120151727020337810219
0000069193131120151730013872950451
0000069203131120151800021244501958
0000069213131120151817013500711455
0000069223131120151817020480708457
0000069233131120151822020025351162
0000069243131120151825019036968529
0000069253131120151825020904175817
0000069263131120151828014444395016
0000069273131120151841019018417036
0000069283131120151844013415267457
0000069293131120151847013174831457
0000069303131120151907013528176457
0000069313131120151924020465090456
0000069323131120151947020064431503
0000069333131120151953026726985507
0000069343131120152007026726985507
0000069353131120152012020034361620
0000069363131120152027015625040277
0000069373131120152029013941205454
0000069383131120152030026726985507
0000069393131120152056014765409984
0000069403131120152057013842524454
0000069413131120152127020034361620
0000069423141120151309013687626457
0000069433161120150711013842524454
0000069443161120150726013007153459
0000069453161120150739020480708457
0000069463161120150800021244501958
0000069473161120150810019018417036
0000069483161120150815019036968529
0000069493161120150838020337810219
0000069503161120150841013500711455
0000069513161120150855013174831457
0000069523161120150904013941205454
0000069533161120150921014444395016
0000069543161120150921013415267457
0000069553161120150927013528176457
0000069563161120150930012489326122
0000069573161120150945020064431503
0000069583161120150956020904175817
0000069593161120151009015625040277
0000069603161120151136020034361620
0000069613161120151140019036968529
0000069623161120151140020904175817
0000069633161120151141013500711455
0000069643161120151141020480708457
0000069653161120151142013528176457
0000069663161120151145012489326122
0000069673161120151151013415267457
0000069683161120151155014765409984
0000069693161120151201013007153459
0000069703161120151201019018417036
0000069713161120151209021244501958
0000069723161120151230013846692939
0000069733161120151237020064431503
0000069743161120151239014444395016
0000069753161120151240015625040277
0000069763161120151240020904175817
0000069773161120151240019036968529
0000069783161120151240013842524454
0000069793161120151243013941205454
0000069803161120151246013528176457
0000069813161120151250013174831457
0000069823161120151302020480708457
0000069833161120151302013500711455
0000069843161120151306013007153459
0000069853161120151334019018417036
0000069863161120151336013415267457
0000069873161120151339015625040277
0000069883161120151340026726985507
0000069893161120151343026726985507
0000069903161120151345013174831457
0000069913161120151349014444395016
0000069923161120151349013842524454
0000069933161120151353013941205454
0000069943161120151403020064431503
0000069953161120151403026726985507
0000069963161120151409021244501958
0000069973161120151425012489326122
0000069983161120151525020337810219
0000069993161120151553020034361620
0000070003161120151624020337810219
0000070013161120151639013007153459
0000070023161120151640019036968529
0000070033161120151654014444395016
0000070043161120151716020480708457
0000070053161120151730020034361620
0000070063161120151745013500711455
0000070073161120151800021244501958
0000070083161120151801020337810219
0000070093161120151801013846692939
0000070103161120151801012489326122
0000070113161120151806013528176457
0000070123161120151811020064431503
0000070133161120151811013941205454
0000070143161120151819020904175817
0000070153161120151820013842524454
0000070163161120151904013174831457
0000070173161120151908013846692939
0000070183161120151911020465090456
0000070193161120151934019018417036
0000070203161120151938015625040277
0000070213161120151940026726985507
0000070223161120151951013415267457
0000070233161120151959020034361620
0000070243161120152134014765409984
0000070253161120152146013846692939
0000070263171120150725013007153459
0000070273171120150725011694089945
0000070283171120150747020480708457
0000070293171120150800021244501958
0000070303171120150805013500711455
0000070313171120150806019036968529
0000070323171120150841013174831457
0000070333171120150849013415267457
0000070343171120150904013941205454
0000070353171120150943020904175817
0000070363171120150945020064431503
0000070373171120150948012489326122
0000070383171120151008013842524454
0000070393171120151021015625040277
0000070403171120151023020337810219
0000070413171120151126026726985507
0000070423171120151147014765409984
0000070433171120151149012489326122
0000070443171120151150013415267457
0000070453171120151153019036968529
0000070463171120151153013007153459
0000070473171120151153020904175817
0000070483171120151153020064431503
0000070493171120151157020025351162
0000070503171120151202013528176457
0000070513171120151202013941205454
0000070523171120151202013500711455
0000070533171120151202020480708457
0000070543171120151208015625040277
0000070553171120151208013174831457
0000070563171120151213020337810219
0000070573171120151222019018417036
0000070583171120151236021244501958
0000070593171120151251020904175817
0000070603171120151253013007153459
0000070613171120151253019036968529
0000070623171120151302013500711455
0000070633171120151302020480708457
0000070643171120151303013941205454
0000070653171120151308013528176457
0000070663171120151309020337810219
0000070673171120151315020025351162
0000070683171120151320014444395016
0000070693171120151320015625040277
0000070703171120151320013842524454
0000070713171120151325020064431503
0000070723171120151350013174831457
0000070733171120151351013846692939
0000070743171120151352013415267457
0000070753171120151404012489326122
0000070763171120151420013842524454
0000070773171120151428019018417036
0000070783171120151436021244501958
0000070793171120151451020064431503
0000070803171120151451020465090456
0000070813171120151513020064431503
0000070823171120151529020034361620
9999999990000000000000018960000000000000000009
