0000124153191020151700019012418715
0000124263201020151215019012418715
0000124313201020151404019012418715
0000124413201020151903019012418715
0000124463211020151205019012418715
0000124543211020151345019012418715
0000124603211020151839019012418715
0000125143271020151305019012418715
0000122953161020151007019012418715
0000123033161020151216019012418715
0000123223161020151407019012418715
0000123533161020151930019012418715
0000123743191020151140019012418715
0000124363201020150959019012418715
0000125653221020151023019012418715
0000125753221020151222019012418715
0000125923221020151359019012418715
0000127003261020151222019012418715
0000127193261020151337019012418715
0000127403261020151856019012418715
0000127603271020151001019012418715
0000127733271020151204019012418715
0000128113281020150710019012418715
0000128283281020151133019012418715
0000128403281020151246019012418715
0000128543281020151715019012418715
0000128723291020150729019012418715
0000129033291020151248019012418715
0000129163291020151352019012418715
0000129503301020151047019012418715
0000129573301020151215019012418715
0000129733301020151331019012418715
0000129913301020151854019012418715
0000060973291020151714019012418715
