0000000001111902443000194000000000000LIFERAY LATIN AMERICA                                                                                                                                 123560000000000001610201530102015031120151448
0000123813161020150756013948911451
0000123823161020150805014402904656
0000123833161020150822014712380000
0000123843161020150905015053573984
0000123853161020151135013975370458
0000123863161020151201016585841736
0000123873161020151214015053573984
0000123883161020151222020905636524
0000123893161020151232014712380000
0000123903161020151301016585841736
0000123913161020151314021039712640
0000123923161020151317013948911451
0000123933161020151338014402904656
0000123943161020151347015053573984
0000123953161020151422014402904656
0000123963161020151546015053573984
0000123973161020151730013975370458
0000123983161020151746013975370458
0000123993161020151803020905636524
0000124003161020151850014402904656
0000124013161020151912021039712640
0000124023161020151947013975370458
0000124033171020151128013687626457
0000124043191020150823014712380000
0000124053191020150859015053573984
0000124063191020151148013975370458
0000124073191020151204016585841736
0000124083191020151305020905636524
0000124093191020151315013948911451
0000124103191020151324016884160021
0000124113191020151327020310551662
0000124123191020151330014712380000
0000124133191020151330015053573984
0000124143191020151600015053573984
0000124153191020151700019012418715
0000124163191020151706016585841736
0000124173191020151732014402904656
0000124183191020151747013975370458
0000124193191020151801020905636524
0000124203191020151826014712380000
0000124213201020150804014402904656
0000124223201020150811014712380000
0000124233201020151135021039712640
0000124243201020151135013975370458
0000124253201020151141015053573984
0000124263201020151215019012418715
0000124273201020151222020905636524
0000124283201020151257021039712640
0000124293201020151321013948911451
0000124303201020151350015053573984
0000124313201020151404019012418715
0000124323201020151410014712380000
0000124333201020151600015053573984
0000124343201020151632020905636524
0000124353201020151706014402904656
0000124363201020151741013975370458
0000124373201020151749014712380000
0000124383201020151802013975370458
0000124393201020151819021039712640
0000124403201020151845020337810219
0000124413201020151903019012418715
0000124423211020150830014712380000
0000124433211020150859015053573984
0000124443211020150918014402904656
0000124453211020151200015053573984
0000124463211020151205019012418715
0000124473211020151205020905636524
0000124483211020151317013948911451
0000124493211020151317020310952608
0000124503211020151318014402904656
0000124513211020151318016884160021
0000124523211020151330021039712640
0000124533211020151334013975370458
0000124543211020151345019012418715
0000124553211020151454014712380000
0000124563211020151700014402904656
0000124573211020151802020905636524
0000124583211020151828021039712640
0000124593211020151831014712380000
0000124603211020151839019012418715
0000124613211020151933013975370458
0000124623221020150729014402904656
0000124633221020150841015053573984
0000124643221020150856014712380000
0000124653221020151145015053573984
0000124663221020151221014402904656
0000124673221020151235020905636524
0000124683221020151251013975370458
0000124693221020151258021039712640
0000124703221020151317014712380000
0000124713221020151728014402904656
0000124723221020151806020905636524
0000124733221020151850013975370458
0000124743221020151851021039712640
0000124753231020150821014712380000
0000124763231020150835013948911451
0000124773231020150959014402904656
0000124783231020151022015053573984
0000124793231020151113013975370458
0000124803231020151118021039712640
0000124813231020151159015053573984
0000124823231020151200014712380000
0000124833231020151237015053573984
0000124843231020151237020905636524
0000124853231020151307014712380000
0000124863231020151326021039712640
0000124873231020151356014402904656
0000124883231020151534015053573984
0000124893231020151734021039712640
0000124903231020151747014712380000
0000124913231020151747014402904656
0000124923231020151832020905636524
0000124933261020150906015053573984
0000124943261020150929013975370458
0000124953261020151216013975370458
0000124963261020151242021039712640
0000124973261020151302020905636524
0000124983261020151314013975370458
0000124993261020151325016585841736
0000125003261020151601015053573984
0000125013261020151805020905636524
0000125023261020151829014712380000
0000125033261020151830013975370458
0000125043261020151844021039712640
0000125053271020150743014712380000
0000125063271020150757014402904656
0000125073271020150915015053573984
0000125083271020151202015053573984
0000125093271020151203014712380000
0000125103271020151204013975370458
0000125113271020151220014402904656
0000125123271020151234021039712640
0000125133271020151244020905636524
0000125143271020151305019012418715
0000125153271020151309015053573984
0000125163271020151410014712380000
0000125173271020151612015053573984
0000125183271020151804020905636524
0000125193271020151809013975370458
0000125203271020151825013975370458
0000125213271020151827021039712640
0000125223271020151829014402904656
0000125233271020151833014402904656
0000125243271020151836013975370458
0000125253271020151839014712380000
0000125263281020150749014402904656
0000125273281020150849014712380000
0000125283281020151138021039712640
0000125293281020151139013975370458
0000125303281020151204020310952608
0000125313281020151204013948911451
0000125323281020151215021039712640
0000125333281020151219014712380000
0000125343281020151222013687626457
0000125353281020151233021039712640
0000125363281020151304020905636524
0000125373281020151307020310952608
0000125383281020151309013948911451
0000125393281020151309014402904656
0000125403281020151312016505994379
0000125413281020151336014712380000
0000125423281020151551013975370458
0000125433281020151606013975370458
0000125443281020151710013948911451
0000125453281020151725015053573984
0000125463281020151750016505994379
0000125473281020151805020905636524
0000125483281020151843014712380000
0000125493281020151900021039712640
0000125503281020151900013975370458
0000125513291020150748014402904656
0000125523291020150748014712380000
0000125533291020150903015053573984
0000125543291020151007013975370458
0000125553291020151200015053573984
0000125563291020151200021039712640
0000125573291020151205014712380000
0000125583291020151211020905636524
0000125593291020151224014402904656
0000125603291020151230013975370458
0000125613291020151231021039712640
0000125623291020151245015053573984
0000125633291020151250013948911451
0000125643291020151254013435520026
0000125653291020151256021039712640
0000125663291020151328013975370458
0000125673291020151359014402904656
0000125683291020151552014712380000
0000125693291020151609015053573984
0000125703291020151755013687626457
0000125713291020151802020905636524
0000125723291020151815014402904656
0000125733291020151837021039712640
0000125743291020151905013975370458
0000125753301020150721014712380000
0000125763301020150806013074793979
0000125773301020150841014402904656
0000125783301020150903013948911451
0000125793301020150913015053573984
0000125803301020150916021039712640
0000125813301020151046013975370458
0000125823301020151158015053573984
0000125833301020151203014402904656
0000125843301020151207014712380000
0000125853301020151217013975370458
0000125863301020151221021039712640
0000125873301020151229020905636524
0000125883301020151234013975370458
0000125893301020151249021039712640
0000125903301020151304014402904656
0000125913301020151325015053573984
0000125923301020151600015053573984
0000125933301020151731021039712640
0000125943301020151746014402904656
0000125953301020151800021244501958
0000125963301020151802020905636524
0000125973301020151804013975370458
9999999990000000000000002170000000000000000009
0000000001111902443000194000000000000LIFERAY LATIN AMERICA                                                                                                                                 125630000000000001610201531102015031120151448
0000122833161020150725016585841736
0000122843161020150754013074793979
0000122853161020150756013565401930
0000122863161020150805013840062151
0000122873161020150816021287638076
0000122883161020150842020310551662
0000122893161020150905013397062453
0000122903161020150913016884160021
0000122913161020150916013931041459
0000122923161020150942026771047294
0000122933161020150944013687626457
0000122943161020150958013441486411
0000122953161020151007019012418715
0000122963161020151137013931041459
0000122973161020151152013565401930
0000122983161020151213013687626457
0000122993161020151214013153579430
0000123003161020151215014004698452
0000123013161020151215020310952608
0000123023161020151216013948911451
0000123033161020151216019012418715
0000123043161020151216021287638076
0000123053161020151217016884160021
0000123063161020151217013074793979
0000123073161020151235013182772480
0000123083161020151242013435520026
0000123093161020151244013397062453
0000123103161020151245026771047294
0000123113161020151245020310551662
0000123123161020151250013441486411
0000123133161020151310013687626457
0000123143161020151320021287638076
0000123153161020151320021287638076
0000123163161020151325020310952608
0000123173161020151345013931041459
0000123183161020151354013565401930
0000123193161020151355013153579430
0000123203161020151402013441486411
0000123213161020151402014004698452
0000123223161020151407019012418715
0000123233161020151410013397062453
0000123243161020151410020310551662
0000123253161020151434013840062151
0000123263161020151557013182772480
0000123273161020151612013182772480
0000123283161020151615013074793979
0000123293161020151615013687626457
0000123303161020151616016884160021
0000123313161020151633013435520026
0000123323161020151700016585841736
0000123333161020151702013074793979
0000123343161020151702013687626457
0000123353161020151702016884160021
0000123363161020151708013435520026
0000123373161020151744020337810219
0000123383161020151747014004698452
0000123393161020151752021287638076
0000123403161020151758013687626457
0000123413161020151801013074793979
0000123423161020151820016505994379
0000123433161020151832020310952608
0000123443161020151836013948911451
0000123453161020151855016884160021
0000123463161020151859013153579430
0000123473161020151903013435520026
0000123483161020151907013182772480
0000123493161020151908013441486411
0000123503161020151924020310551662
0000123513161020151925013397062453
0000123523161020151927013931041459
0000123533161020151930019012418715
0000123543191020150727016585841736
0000123553191020150750020905636524
0000123563191020150758014402904656
0000123573191020150807013565401930
0000123583191020150831016505994379
0000123593191020150844020310952608
0000123603191020150848013153579430
0000123613191020150904020310551662
0000123623191020150905013948911451
0000123633191020150910013397062453
0000123643191020150911016884160021
0000123653191020150911026771047294
0000123663191020150931021287638076
0000123673191020150932013182772480
0000123683191020150934013931041459
0000123693191020151018013441486411
0000123703191020151040021039712640
0000123713191020151105014004698452
0000123723191020151105013435520026
0000123733191020151131016884160021
0000123743191020151140019012418715
0000123753191020151149021287638076
0000123763191020151200015053573984
0000123773191020151200020905636524
0000123783191020151203013565401930
0000123793191020151203013687626457
0000123803191020151204016505994379
0000123813191020151204020310952608
0000123823191020151205013931041459
0000123833191020151207013153579430
0000123843191020151207020310551662
0000123853191020151212013397062453
0000123863191020151218021039712640
0000123873191020151225013840062151
0000123883191020151234014004698452
0000123893191020151242013182772480
0000123903191020151243021039712640
0000123913191020151254013441486411
0000123923191020151258013687626457
0000123933191020151302020310952608
0000123943191020151303016585841736
0000123953191020151305016505994379
0000123963191020151307013435520026
0000123973191020151333013435520026
0000123983191020151339013565401930
0000123993191020151344014004698452
0000124003191020151356013397062453
0000124013191020151404013441486411
0000124023191020151412026771047294
0000124033191020151621026771047294
0000124043191020151623013153579430
0000124053191020151654013840062151
0000124063191020151709013840062151
0000124073191020151805013565401930
0000124083191020151810014004698452
0000124093191020151813013397062453
0000124103191020151814013687626457
0000124113191020151822016505994379
0000124123191020151836021039712640
0000124133191020151850013435520026
0000124143191020151851013931041459
0000124153191020151855020310551662
0000124163191020151855020310952608
0000124173191020151901013840062151
0000124183191020151905016884160021
0000124193191020152001013948911451
0000124203191020152010013153579430
0000124213191020152022013441486411
0000124223201020150736013840062151
0000124233201020150748013931041459
0000124243201020150754015053573984
0000124253201020150805020025351162
0000124263201020150806013948911451
0000124273201020150817013565401930
0000124283201020150821021287638076
0000124293201020150846013397062453
0000124303201020150850013153579430
0000124313201020150914020310952608
0000124323201020150931016505994379
0000124333201020150945016884160021
0000124343201020150946013687626457
0000124353201020150948020310551662
0000124363201020150959019012418715
0000124373201020151003013441486411
0000124383201020151134013931041459
0000124393201020151135013182772480
0000124403201020151141013153579430
0000124413201020151150013840062151
0000124423201020151201013441486411
0000124433201020151202016884160021
0000124443201020151205013840062151
0000124453201020151210013687626457
0000124463201020151210013182772480
0000124473201020151218013397062453
0000124483201020151231013565401930
0000124493201020151235020310551662
0000124503201020151253021287638076
0000124513201020151302013441486411
0000124523201020151304016884160021
0000124533201020151307013687626457
0000124543201020151310013182772480
0000124553201020151316013931041459
0000124563201020151330013435520026
0000124573201020151336013153579430
0000124583201020151350020310551662
0000124593201020151354026771047294
0000124603201020151356013565401930
0000124613201020151400013397062453
0000124623201020151429013840062151
0000124633201020151442021287638076
0000124643201020151444014004698452
0000124653201020151602013182772480
0000124663201020151602026771047294
0000124673201020151602013435520026
0000124683201020151652013948911451
0000124693201020151702013182772480
0000124703201020151702013435520026
0000124713201020151731013931041459
0000124723201020151743013687626457
0000124733201020151808013842524454
0000124743201020151809013975370458
0000125033211020151030013441486411
0000125043211020151120013182772480
0000125053211020151143013931041459
0000125063211020151202013687626457
0000125073211020151202013441486411
0000125083211020151206016585841736
0000125093211020151207020310952608
0000125103211020151208020310551662
0000125113211020151213021287638076
0000125123211020151214013565401930
0000125133211020151215013397062453
0000125143211020151215013182772480
0000125153211020151217016884160021
0000125163211020151220013153579430
0000125173211020151236013840062151
0000125183211020151305016505994379
0000125193211020151313013397062453
0000125203211020151315014004698452
0000125213211020151318013441486411
0000125223211020151324013182772480
0000125233211020151330013931041459
0000125243211020151333013435520026
0000125253211020151338020310551662
0000125263211020151348013687626457
0000125273211020151351016505994379
0000125283211020151354013153579430
0000125293211020151402026771047294
0000125303211020151405013565401930
0000125313211020151435021287638076
0000125323211020151651013948911451
0000125333211020151709013840062151
0000125343211020151709013435520026
0000125353211020151731013840062151
0000125363211020151732013435520026
0000125373211020151800021244501958
0000125383211020151815013565401930
0000125393211020151823013397062453
0000125403211020151829013182772480
0000124773211020151832016505994379
0000125413211020151835013687626457
0000125423211020151835020310551662
0000125433211020151843013153579430
0000124783211020151855020310551662
0000125443211020151856021287638076
0000124793211020151857021287638076
0000124803211020151859013397062453
0000125453211020151859016884160021
0000125463211020151904013931041459
0000125473211020151905013840062151
0000124813211020151908013153579430
0000124823211020151909013441486411
0000125483211020151910013441486411
0000124833211020151929016884160021
0000125493211020151931013435520026
0000124853211020151936013565401930
0000124863211020151937013182772480
0000125503211020151951020310952608
0000124873211020152003013435520026
0000125513211020152012016505994379
0000124883211020152020014004698452
0000125523211020152034014004698452
0000125533221020150759013565401930
0000124893221020150814013565401930
0000124903221020150823013948911451
0000124913221020150823016585841736
0000125543221020150836020310952608
0000125553221020150840013948911451
0000125563221020150841013931041459
0000124923221020150849013153579430
0000124933221020150854020310952608
0000124943221020150906016884160021
0000124953221020150906021287638076
0000125573221020150908020310551662
0000125583221020150908016884160021
0000124963221020150912013687626457
0000124973221020150912013931041459
0000124983221020150914020310551662
0000124993221020150914026771047294
0000125593221020150921021287638076
0000125003221020150929013397062453
0000125603221020150932013687626457
0000125613221020150939013397062453
0000125013221020150946016505994379
0000125623221020150949016505994379
0000125633221020151003013153579430
0000125643221020151021013441486411
0000125653221020151023019012418715
0000125663221020151117013182772480
0000125673221020151130016884160021
0000125683221020151154013441486411
0000125693221020151154013931041459
0000125703221020151205021287638076
0000125713221020151207013397062453
0000125723221020151213013687626457
0000125733221020151215013840062151
0000125743221020151217013182772480
0000125753221020151222019012418715
0000125763221020151225020310551662
0000125773221020151225013153579430
0000125783221020151233020310952608
0000125793221020151241013565401930
0000125803221020151308013931041459
0000125813221020151308013441486411
0000125823221020151310013687626457
0000125833221020151310013397062453
0000125843221020151319013182772480
0000125853221020151325016505994379
0000125863221020151336020310952608
0000125873221020151336013435520026
0000125883221020151336016884160021
0000125893221020151337013948911451
0000125903221020151337013153579430
0000125913221020151337020310551662
0000125923221020151359019012418715
0000125933221020151404013565401930
0000125943221020151422026771047294
0000125953221020151450021287638076
0000125963221020151707013840062151
0000125973221020151708013435520026
0000125983221020151733013435520026
0000125993221020151734013840062151
0000126003221020151738013153579430
0000126013221020151752013687626457
0000126023221020151753013931041459
0000126033221020151754016505994379
0000126043221020151754013948911451
0000126053221020151754013441486411
0000126063221020151820013182772480
0000126073221020151824021287638076
0000126083221020151827013565401930
0000126093221020151832013397062453
0000126103221020151834013840062151
0000126113221020151843016884160021
0000126123221020151957013435520026
0000126133221020151957020310551662
0000126143221020152031020310952608
0000126153231020150759013565401930
0000126163231020150827013153579430
0000126173231020150846021287638076
0000126183231020150856020310551662
0000126193231020150857013441486411
0000126203231020150902020310952608
0000126213231020150906013931041459
0000126223231020150911016884160021
0000126233231020150920013397062453
0000126243231020150929016505994379
0000126253231020151004013687626457
0000126263231020151110013182772480
0000126273231020151146013565401930
0000126283231020151146016884160021
0000126293231020151154021287638076
0000126303231020151156013441486411
0000126313231020151158020310952608
0000126323231020151207013931041459
0000126333231020151208013153579430
0000126343231020151209013182772480
0000126353231020151214013687626457
0000126363231020151218013397062453
0000126373231020151223016505994379
0000126383231020151237013840062151
0000126393231020151246016884160021
0000126403231020151251013565401930
0000126413231020151254021287638076
0000126423231020151309013182772480
0000126433231020151310013153579430
0000126443231020151322013948911451
0000126453231020151323020310952608
0000126463231020151354013435520026
0000126473231020151454020310551662
0000126483231020151454013441486411
0000126493231020151514013397062453
0000126503231020151624013687626457
0000126513231020151708026771047294
0000126523231020151730026771047294
0000126533231020151810013182772480
0000126543231020151824021287638076
0000126553231020151835016884160021
0000126563231020151846013948911451
0000126573231020151851016505994379
0000126583231020151854020310952608
0000126593231020151902013931041459
0000126603231020151905020310551662
0000126613231020151913013435520026
0000126623231020151914013397062453
0000126633231020151921013687626457
0000126643231020151921013153579430
0000126653231020151924013840062151
0000126663231020152007013435520026
0000126673231020152007026726985507
0000126683231020152016013441486411
0000126693231020152041013435520026
0000126703261020150650016585841736
0000126713261020150747016505994379
0000126723261020150751014402904656
0000126733261020150753020905636524
0000126743261020150818013074793979
0000126753261020150830021287638076
0000126763261020150834013840062151
0000126773261020150848013948911451
0000126783261020150850020310551662
0000126793261020150857013153579430
0000126803261020150858020310952608
0000126813261020150935013565401930
0000126823261020150938013687626457
0000126833261020151001013441486411
0000126843261020151003016884160021
0000126853261020151035013397062453
0000126863261020151037014004698452
0000126873261020151104013182772480
0000126883261020151106026771047294
0000126893261020151144014402904656
0000126903261020151202020905636524
0000126913261020151202013182772480
0000126923261020151204013687626457
0000126933261020151207013840062151
0000126943261020151207013074793979
0000126953261020151208016884160021
0000126963261020151214020310952608
0000126973261020151215026771047294
0000126983261020151218013153579430
0000126993261020151222013441486411
0000127003261020151222019012418715
0000127013261020151223016505994379
0000127023261020151225016585841736
0000127033261020151228013565401930
0000127043261020151228013397062453
0000127053261020151228014004698452
0000127063261020151245013435520026
0000127073261020151249013182772480
0000127083261020151250020310551662
0000127093261020151251013840062151
0000127103261020151315013948911451
0000127113261020151315020310952608
0000127123261020151318016884160021
0000127133261020151319013687626457
0000127143261020151323013397062453
0000127153261020151325013441486411
0000127163261020151325026771047294
0000127173261020151330013074793979
0000127183261020151332014402904656
0000127193261020151337019012418715
0000127203261020151337016505994379
0000127213261020151344020465090456
0000127223261020151350014004698452
0000127233261020151352013565401930
0000127243261020151353021287638076
0000127253261020151406020310551662
0000127263261020151410013153579430
0000127273261020151433013840062151
0000127283261020151537021287638076
0000127293261020151629026771047294
0000127303261020151655013182772480
0000127313261020151745020310551662
0000127323261020151746013074793979
0000127333261020151753013435520026
0000127343261020151753013565401930
0000127353261020151759016585841736
0000127363261020151759013687626457
0000127373261020151809021287638076
0000127383261020151819013397062453
0000127393261020151822014402904656
0000127403261020151856019012418715
0000127413261020151858016505994379
0000127423261020151900020310952608
0000127433261020151912013153579430
0000127443261020151913013948911451
0000127453261020151920016884160021
0000127463261020151932013441486411
0000127473261020151944014004698452
0000127483271020150648016585841736
0000127493271020150808013948911451
0000127503271020150812013565401930
0000127513271020150821013153579430
0000127523271020150824013074793979
0000127533271020150855020310952608
0000127543271020150907016884160021
0000127553271020150911016505994379
0000127563271020150915013397062453
0000127573271020150915021287638076
0000127583271020150959013687626457
0000127593271020150959020310551662
0000127603271020151001019012418715
0000127613271020151034013182772480
0000127623271020151105020465090456
0000127633271020151136013441486411
0000127643271020151137013153579430
0000127653271020151142013182772480
0000127663271020151154021287638076
0000127673271020151203013074793979
0000127683271020151203013565401930
0000127693271020151203013687626457
0000127703271020151204013397062453
0000127713271020151204016884160021
0000127723271020151204013948911451
0000127733271020151204019012418715
0000127743271020151212013441486411
0000127753271020151215020310551662
0000127763271020151223016505994379
0000127773271020151235013840062151
0000127783271020151235013182772480
0000127793271020151311013687626457
0000127803271020151312013074793979
0000127813271020151322013397062453
0000127823271020151322013441486411
0000127833271020151328020310952608
0000127843271020151336013153579430
0000127853271020151341021287638076
0000127863271020151346020310551662
0000127873271020151358013565401930
0000127883271020151359013435520026
0000127893271020151421026771047294
0000127903271020151449014004698452
0000127913271020151607026771047294
0000127923271020151613016585841736
0000127933271020151713013948911451
0000127943271020151802013687626457
0000127953271020151803013074793979
0000127963271020151816013153579430
0000127973271020151817013840062151
0000127983271020151825013397062453
0000127993271020151825013435520026
0000128003271020151830016505994379
0000128013271020151832013840062151
0000128023271020151835021287638076
0000128033271020151852013565401930
0000128043271020151855013182772480
0000128053271020151902013840062151
0000128063271020151951020310551662
0000128073271020151951014004698452
0000128083271020152009016884160021
0000128093271020152010013441486411
0000128103281020150709016585841736
0000128113281020150710019012418715
0000128123281020150807013565401930
0000128133281020150812013948911451
0000128143281020150822013074793979
0000128153281020150826021287638076
0000128163281020150839013153579430
0000128173281020150843020310551662
0000128183281020150850020310952608
0000128193281020150927016884160021
0000128203281020150935014004698452
0000128213281020150942013397062453
0000128223281020150955016505994379
0000128233281020150959013687626457
0000128243281020150959013441486411
0000128253281020151007026771047294
0000128263281020151056016585841736
0000128273281020151114013182772480
0000128283281020151133019012418715
0000128293281020151145021287638076
0000128303281020151153020310551662
0000128313281020151154016884160021
0000128323281020151154013441486411
0000128333281020151154014004698452
0000128343281020151207026771047294
0000128353281020151207013074793979
0000128363281020151209013397062453
0000128373281020151209013565401930
0000128383281020151212013182772480
0000128393281020151212016505994379
0000128403281020151246019012418715
0000128413281020151301013435520026
0000128423281020151303013840062151
0000128433281020151303013182772480
0000128443281020151332013074793979
0000128453281020151343015053573984
0000128463281020151354016884160021
0000128473281020151354021287638076
0000128483281020151354013441486411
0000128493281020151358013565401930
0000128503281020151358013397062453
0000128513281020151448014004698452
0000128523281020151457020310551662
0000128533281020151505013687626457
0000128543281020151715019012418715
0000128553281020151800013182772480
0000128563281020151803013687626457
0000128573281020151819014004698452
0000128583281020151822021287638076
0000128593281020151823013435520026
0000128603281020151831013397062453
0000128613281020151831013074793979
0000128623281020151833013153579430
0000128633281020151859013565401930
0000128643281020151900016884160021
0000128653281020151904013840062151
0000128663281020151919013840062151
0000128673281020151951020310952608
0000128683281020152000013840062151
0000128693281020152001020310551662
0000128703281020152003013441486411
0000128713291020150651016585841736
0000128723291020150729019012418715
0000128733291020150819013948911451
0000128743291020150823013074793979
0000128753291020150826013565401930
0000128763291020150830020310551662
0000128773291020150833013153579430
0000128783291020150842020310952608
0000128793291020150922013397062453
0000128803291020150928021287638076
0000128813291020150934016505994379
0000128823291020150941013182772480
0000128833291020150954013687626457
0000128843291020150958016884160021
0000128853291020151002013441486411
0000128863291020151020014004698452
0000128873291020151115013435520026
0000128883291020151125016884160021
0000128893291020151148021287638076
0000128903291020151150013441486411
0000128913291020151153013182772480
0000128923291020151202016585841736
0000128933291020151203014004698452
0000128943291020151208013565401930
0000128953291020151208013687626457
0000128963291020151210016505994379
0000128973291020151216013153579430
0000128983291020151222013840062151
0000128993291020151229013397062453
0000129003291020151229013435520026
0000129013291020151229013074793979
0000129023291020151232020310551662
0000129033291020151248019012418715
0000129043291020151250020310952608
0000129053291020151251021287638076
0000129063291020151252013441486411
0000129073291020151258013182772480
0000129083291020151305013687626457
0000129093291020151307016585841736
0000129103291020151331016884160021
0000129113291020151336013153579430
0000129123291020151338014712380000
0000129133291020151339013074793979
0000129143291020151349020310952608
0000129153291020151350020310551662
0000129163291020151352019012418715
0000129173291020151358013565401930
0000129183291020151405013397062453
0000129193291020151506014004698452
0000129203291020151638020310952608
0000129213291020151720013182772480
0000129223291020151752016585841736
0000129233291020151752013074793979
0000129243291020151759021287638076
0000129253291020151759013441486411
0000129263291020151814016505994379
0000129273291020151816013435520026
0000129283291020151823013397062453
0000129293291020151825013840062151
0000129303291020151831020310551662
0000129313291020151831013948911451
0000129323291020151835014004698452
0000129333291020151839013153579430
0000129343291020151840013840062151
0000129353291020151851013565401930
0000129363291020151853013840062151
0000129373291020151922016884160021
0000129383301020150829013565401930
0000129393301020150829013153579430
0000129403301020150848020310952608
0000129413301020150855021287638076
0000129423301020150857016884160021
0000129433301020150903013441486411
0000129443301020150909013435520026
0000129453301020150914020310551662
0000129463301020150933013397062453
0000129473301020150937013687626457
0000129483301020150939013182772480
0000129493301020150948016505994379
0000129503301020151047019012418715
0000129513301020151138014004698452
0000129523301020151212013565401930
0000129533301020151214013687626457
0000129543301020151214013397062453
0000129553301020151214013074793979
0000129563301020151215013948911451
0000129573301020151215019012418715
0000129583301020151215020310952608
0000129593301020151215016884160021
0000129603301020151215013182772480
0000129613301020151216013153579430
0000129623301020151216013435520026
0000129633301020151220021287638076
0000129643301020151220013441486411
0000129653301020151238016505994379
0000129663301020151241020310551662
0000129673301020151313012489326122
0000129683301020151314013948911451
0000129693301020151315016884160021
0000129703301020151319013840062151
0000129713301020151325016505994379
0000129723301020151330020310952608
0000129733301020151331019012418715
0000129743301020151341013182772480
0000129753301020151341013435520026
0000129763301020151341013074793979
0000129773301020151345013153579430
0000129783301020151349021287638076
0000129793301020151349013441486411
0000129803301020151402013397062453
0000129813301020151407020310551662
0000129823301020151544013074793979
0000129833301020151710021287638076
0000129843301020151723014004698452
0000129853301020151749013182772480
0000129863301020151803013687626457
0000129873301020151804013153579430
0000129883301020151824013435520026
0000129893301020151830013397062453
0000129903301020151851016884160021
0000129913301020151854019012418715
0000129923301020151856013948911451
0000129933301020151856016505994379
0000129943301020151857020310952608
0000129953301020151908013840062151
0000129963301020151940013441486411
0000129973301020151943020310551662
0000129983311020151314013397062453
9999999990000000000000007120000000000000000009
0000000001111902443000194000000000000LIFERAY LATIN AMERICA                                                                                                                                 000030014301102241610201531102015031120151448
0000052573161020150732012489326122
0000052583161020150751013007153459
0000052593161020150758019036968529
0000052603161020150800021244501958
0000052613161020150824013500711455
0000052623161020150825019018417036
0000052633161020150834013174831457
0000052643161020150845020904175817
0000052653161020150848020025351162
0000052663161020150849020310952608
0000052673161020150859013528176457
0000052683161020150904013872950451
0000052693161020150907013415267457
0000052703161020150947020064431503
0000052713161020151048013842524454
0000052723161020151050013941205454
0000052733161020151120013528176457
0000052743161020151142019036968529
0000052753161020151143020904175817
0000052763161020151144020465090456
0000052773161020151149013007153459
0000052783161020151200020337810219
0000052793161020151200013415267457
0000052803161020151208012489326122
0000052813161020151209013174831457
0000052823161020151214021244501958
0000052833161020151216013872950451
0000052843161020151218013500711455
0000052853161020151218013941205454
0000052863161020151232019018417036
0000052873161020151240020025351162
0000052883161020151241016505994379
0000052893161020151242019036968529
0000052903161020151242020904175817
0000052913161020151249013007153459
0000052923161020151249013528176457
0000052933161020151308026726985507
0000052943161020151316014765409984
0000052953161020151316020064431503
0000052963161020151318013500711455
0000052973161020151318013941205454
0000052983161020151329016884160021
0000052993161020151329013074793979
0000053003161020151338013415267457
0000053013161020151342013174831457
0000053023161020151343020025351162
0000053033161020151346013872950451
0000053043161020151350012489326122
0000053053161020151407019018417036
0000053063161020151414021244501958
0000053073161020151416020064431503
0000053083161020151609013842524454
0000053093161020151639020034361620
0000053103161020151655013500711455
0000053113161020151658013007153459
0000053123161020151709013842524454
0000053133161020151800021244501958
0000053143161020151812020064431503
0000053153161020151815012489326122
0000053163161020151816019036968529
0000053173161020151818020034361620
0000053183161020151819020904175817
0000053193161020151823013174831457
0000053203161020151832013528176457
0000053213161020151834020465090456
0000053223161020151842013415267457
0000053233161020151842020025351162
0000053243161020151857020465090456
0000053253161020151902013941205454
0000053263161020151902019018417036
0000053273161020151903026726985507
0000053283161020151905013872950451
0000053293161020151912020465090456
0000053303161020152015014765409984
0000053313161020152019013842524454
0000053323171020151239013687626457
0000053333191020150700021244501958
0000053343191020150713013842524454
0000053353191020150719012489326122
0000053363191020150755013007153459
0000053373191020150800019036968529
0000053383191020150809020025351162
0000053393191020150819013174831457
0000053403191020150822013500711455
0000053413191020150824019018417036
0000053423191020150843020337810219
0000053433191020150852013528176457
0000053443191020150922013872950451
0000053453191020150923020904175817
0000053463191020150926014444395016
0000053473191020150931020064431503
0000053483191020150937013941205454
0000053493191020150945013415267457
0000053503191020151023015625040277
0000053513191020151152013007153459
0000053523191020151154019018417036
0000053533191020151159020034361620
0000053543191020151200020904175817
0000053553191020151200019036968529
0000053563191020151200013528176457
0000053573191020151201012489326122
0000053583191020151202020025351162
0000053593191020151202013174831457
0000053603191020151203013941205454
0000053613191020151204013500711455
0000053623191020151204015625040277
0000053633191020151204014444395016
0000053643191020151205013842524454
0000053653191020151206013872950451
0000053663191020151214013948911451
0000053673191020151214020064431503
0000053683191020151217014712380000
0000053693191020151219014402904656
0000053703191020151222020337810219
0000053713191020151222021244501958
0000053723191020151233020337810219
0000053733191020151252013007153459
0000053743191020151252026726985507
0000053753191020151304013528176457
0000053763191020151309020904175817
0000053773191020151309019036968529
0000053783191020151309013941205454
0000053793191020151314014402904656
0000053803191020151314020025351162
0000053813191020151314013872950451
0000053823191020151317020034361620
0000053833191020151318013846692939
0000053843191020151320020064431503
0000053853191020151324013174831457
0000053863191020151330013500711455
0000053873191020151330013842524454
0000053883191020151331014444395016
0000053893191020151331014765409984
0000053903191020151331015625040277
0000053913191020151337012489326122
0000053923191020151345020465090456
0000053933191020151345013415267457
0000053943191020151355026771047294
0000053953191020151358019018417036
0000053963191020151409020034361620
0000053973191020151422021244501958
0000053983191020151547013415267457
0000053993191020151648013007153459
0000054003191020151654020337810219
0000054013191020151702026726985507
0000054023191020151710019036968529
0000054033191020151717026726985507
0000054043191020151722014444395016
0000054053191020151743013174831457
0000054063191020151744020904175817
0000054073191020151800021244501958
0000054083191020151800012489326122
0000054093191020151802013500711455
0000054103191020151804014765409984
0000054113191020151804015625040277
0000054123191020151811013528176457
0000054133191020151816020064431503
0000054143191020151828019018417036
0000054153191020151832013872950451
0000054163191020151847013842524454
0000054173191020151852013941205454
0000054183191020151903015625040277
0000054193191020151908020465090456
0000054203191020151912026726985507
0000054213191020151926020465090456
0000054223191020151940020465090456
0000054233191020151956015625040277
0000054243191020152000013415267457
0000054253191020152003020034361620
0000054263201020150726012489326122
0000054273201020150745013007153459
0000054283201020150800021244501958
0000054293201020150813019036968529
0000054303201020150820019018417036
0000054313201020150833013174831457
0000054323201020150834013500711455
0000054333201020150857013872950451
0000054343201020150919026771047294
0000054353201020150922013415267457
0000054363201020150929020904175817
0000054373201020151013020064431503
0000054383201020151020013528176457
0000054393201020151055014444395016
0000054403201020151103013941205454
0000054413201020151114013842524454
0000054423201020151136013174831457
0000054433201020151158014712380000
0000054443201020151201013528176457
0000054453201020151201013500711455
0000054463201020151201013941205454
0000054473201020151202019018417036
0000054483201020151208019036968529
0000054493201020151208020904175817
0000054503201020151208013872950451
0000054513201020151215013846692939
0000054523201020151216012489326122
0000054533201020151216013007153459
0000054543201020151222013948911451
0000054553201020151222013415267457
0000054563201020151223013174831457
0000054573201020151224014444395016
0000054583201020151224014402904656
0000054593201020151227021039712640
0000054603201020151239020025351162
0000054613201020151252020064431503
0000054623201020151255021244501958
0000054633201020151256015625040277
0000054643201020151259020034361620
0000054653201020151301013500711455
0000054663201020151301013941205454
0000054673201020151305020465090456
0000054683201020151309013528176457
0000054693201020151310020337810219
0000054703201020151311019036968529
0000054713201020151311020904175817
0000054723201020151316013007153459
0000054733201020151316014444395016
0000054743201020151316014765409984
0000054753201020151331026726985507
0000054763201020151335020310952608
0000054773201020151335016505994379
0000054783201020151336013872950451
0000054793201020151337026771047294
0000054803201020151338020025351162
0000054813201020151344012489326122
0000054823201020151349020064431503
0000054833201020151405013842524454
0000054843201020151411013415267457
0000054853201020151412014402904656
0000054863201020151434019018417036
0000054873201020151522013842524454
0000054883201020151606020465090456
0000054893201020151634026726985507
0000054903201020151700020465090456
0000054913201020151704026726985507
0000054923201020151706013007153459
0000054933201020151710019036968529
0000054943201020151723013500711455
0000054953201020151745020465090456
0000054963201020151751013174831457
0000054973201020151802021244501958
0000054983201020151807015625040277
0000054993201020151807020337810219
0000055003201020151813020337810219
0000055013201020151824019018417036
0000055023201020151829012489326122
0000055033201020151840020904175817
0000055043201020151900020064431503
0000055053201020151905013872950451
0000055063201020151913020025351162
0000055073201020151930013528176457
0000055083201020151951013415267457
0000055093201020152002026726985507
0000055103201020152004013941205454
0000055113201020152146013846692939
0000055123211020150601013846692939
0000055133211020150718012489326122
0000055143211020150754013007153459
0000055153211020150756019036968529
0000055163211020150800021244501958
0000055173211020150813019018417036
0000055183211020150839013500711455
0000055193211020150840013842524454
0000055203211020150852020337810219
0000055213211020150858020025351162
0000055223211020150910020064431503
0000055233211020150912020904175817
0000055243211020150927013528176457
0000055253211020150928013415267457
0000055263211020150931013872950451
0000055273211020151018013941205454
0000055283211020151030020034361620
0000055293211020151037015625040277
0000055303211020151149020904175817
0000055313211020151149019036968529
0000055323211020151150013007153459
0000055333211020151153020064431503
0000055343211020151155013941205454
0000055353211020151155013528176457
0000055363211020151156013500711455
0000055373211020151158013872950451
0000055383211020151159013415267457
0000055393211020151209013846692939
0000055403211020151212021244501958
0000055413211020151213014402904656
0000055423211020151214013948911451
0000055433211020151219014712380000
0000055443211020151222020337810219
0000055453211020151228019018417036
0000055463211020151228015625040277
0000055473211020151228012489326122
0000055483211020151232020025351162
0000055493211020151236020337810219
0000055503211020151249020904175817
0000055513211020151249019036968529
0000055523211020151251013007153459
0000055533211020151301013528176457
0000055543211020151301013500711455
0000055553211020151301013941205454
0000055563211020151304020064431503
0000055573211020151328020025351162
0000055583211020151345013872950451
0000055593211020151346026726985507
0000055603211020151347026771047294
0000055613211020151349012489326122
0000055623211020151349013846692939
0000055633211020151349013842524454
0000055643211020151349015625040277
0000055653211020151349014765409984
0000055663211020151412021244501958
0000055673211020151412019018417036
0000055683211020151424013415267457
0000055693211020151602013846692939
0000055703211020151607020337810219
0000055713211020151643013842524454
0000055723211020151703013007153459
0000055733211020151707019036968529
0000055743211020151714026771047294
0000055753211020151756020025351162
0000055763211020151759013528176457
0000055773211020151825013500711455
0000055783211020151825013842524454
0000055793211020151832012489326122
0000055803211020151848020064431503
0000055813211020151848026726985507
0000055823211020151904019018417036
0000055833211020151909013872950451
0000055843211020151924013941205454
0000055853211020151931015625040277
0000055863211020151936014765409984
0000055873211020151949013415267457
0000055883211020152011020904175817
0000055893211020152043020034361620
0000055903211020152108014765409984
0000055913211020152147014765409984
0000055923221020150700021244501958
0000055933221020150753013007153459
0000055943221020150807019036968529
0000055953221020150810019018417036
0000055963221020150833020025351162
0000055973221020150838013500711455
0000055983221020150907026771047294
0000055993221020150925013415267457
0000056003221020150944013528176457
0000056013221020150949020904175817
0000056023221020150950012489326122
0000056033221020151003020337810219
0000056043221020151008014765409984
0000056053221020151014013872950451
0000056063221020151015015625040277
0000056073221020151020013941205454
0000056083221020151022014444395016
0000056093221020151022020064431503
0000056103221020151101013846692939
0000056113221020151123013842524454
0000056123221020151129020034361620
0000056133221020151146019036968529
0000056143221020151147013007153459
0000056153221020151147020904175817
0000056163221020151151013528176457
0000056173221020151152013500711455
0000056183221020151153012489326122
0000056193221020151157020034361620
0000056203221020151157014444395016
0000056213221020151202013415267457
0000056223221020151213020025351162
0000056233221020151218013872950451
0000056243221020151220021244501958
0000056253221020151221015625040277
0000056263221020151234013941205454
0000056273221020151237013948911451
0000056283221020151247019036968529
0000056293221020151247013007153459
0000056303221020151248019018417036
0000056313221020151252015625040277
0000056323221020151254020904175817
0000056333221020151258020337810219
0000056343221020151300020034361620
0000056353221020151302014444395016
0000056363221020151304013415267457
0000056373221020151305020064431503
0000056383221020151306020025351162
0000056393221020151329013528176457
0000056403221020151329013500711455
0000056413221020151330013872950451
0000056423221020151338012489326122
0000056433221020151340020465090456
0000056443221020151346013941205454
0000056453221020151359014402904656
0000056463221020151400020064431503
0000056473221020151407026771047294
0000056483221020151414016505994379
0000056493221020151420021244501958
0000056503221020151431019018417036
0000056513221020151526013842524454
0000056523221020151553026726985507
0000056533221020151627014765409984
0000056543221020151632013846692939
0000056553221020151706013842524454
0000056563221020151708026771047294
0000056573221020151712020025351162
0000056583221020151725013007153459
0000056593221020151732014765409984
0000056603221020151732015625040277
0000056613221020151745019036968529
0000056623221020151755019018417036
0000056633221020151800021244501958
0000056643221020151802020465090456
0000056653221020151825015625040277
0000056663221020151830020904175817
0000056673221020151831013500711455
0000056683221020151832013872950451
0000056693221020151839014444395016
0000056703221020151840020064431503
0000056713221020151855012489326122
0000056723221020151901013415267457
0000056733221020151906026726985507
0000056743221020151915013528176457
0000056753221020151932013941205454
0000056763221020152013015625040277
0000056773221020152025020034361620
0000056783221020152201013842524454
0000056793221020152201014765409984
0000056803231020150700021244501958
0000056813231020150759019036968529
0000056823231020150759013007153459
0000056833231020150805019018417036
0000056843231020150849020025351162
0000056853231020150851015625040277
0000056863231020150853013528176457
0000056873231020150902013415267457
0000056883231020150903013872950451
0000056893231020150920026771047294
0000056903231020150930020337810219
0000056913231020150954020465090456
0000056923231020151013014444395016
0000056933231020151041013941205454
0000056943231020151042012489326122
0000056953231020151045013842524454
0000056963231020151045020904175817
0000056973231020151147020064431503
0000056983231020151151012489326122
0000056993231020151157020465090456
0000057003231020151158019036968529
0000057013231020151158020904175817
0000057023231020151159013007153459
0000057033231020151201021244501958
0000057043231020151202013872950451
0000057053231020151203013415267457
0000057063231020151204019018417036
0000057073231020151204013528176457
0000057083231020151204013941205454
0000057093231020151207014402904656
0000057103231020151217020025351162
0000057113231020151218013948911451
0000057123231020151219015625040277
0000057133231020151219014765409984
0000057143231020151220014444395016
0000057153231020151223026726985507
0000057163231020151250020025351162
0000057173231020151250020337810219
0000057183231020151301013528176457
0000057193231020151301021039712640
0000057203231020151302013872950451
0000057213231020151304016505994379
0000057223231020151304020465090456
0000057233231020151305015625040277
0000057243231020151305014444395016
0000057253231020151309019036968529
0000057263231020151309013007153459
0000057273231020151309020904175817
0000057283231020151317026726985507
0000057293231020151322013842524454
0000057303231020151336013941205454
0000057313231020151346013415267457
0000057323231020151401021244501958
0000057333231020151407013846692939
0000057343231020151418019018417036
0000057353231020151422020064431503
0000057363231020151450012489326122
0000057373231020151643019036968529
0000057383231020151653026771047294
0000057393231020151654013007153459
0000057403231020151657020465090456
0000057413231020151739020034361620
0000057423231020151800021244501958
0000057433231020151801015625040277
0000057443231020151802014444395016
0000057453231020151815012489326122
0000057463231020151823020904175817
0000057473231020151830020064431503
0000057483231020151835013528176457
0000057493231020151838013415267457
0000057503231020151844013872950451
0000057513231020151851026726985507
0000057523231020152003013941205454
0000057533231020152024019018417036
0000057543231020152129020034361620
0000057553231020152150013846692939
0000057563231020152200014765409984
0000057573261020150738012489326122
0000057583261020150744013846692939
0000057593261020150752019036968529
0000057603261020150757013007153459
0000057613261020150800021244501958
0000057623261020150826013500711455
0000057633261020150827013415267457
0000057643261020150837019018417036
0000057653261020150855013528176457
0000057663261020150908013842524454
0000057673261020150909020064431503
0000057683261020150923013872950451
0000057693261020150925013941205454
0000057703261020150950020904175817
0000057713261020150953020025351162
0000057723261020151023015625040277
0000057733261020151036014444395016
0000057743261020151036014712380000
0000057753261020151139019036968529
0000057763261020151139020904175817
0000057773261020151146020064431503
0000057783261020151149013007153459
0000057793261020151153014765409984
0000057803261020151153015053573984
0000057813261020151153013500711455
0000057823261020151201020025351162
0000057833261020151203013872950451
0000057843261020151204015625040277
0000057853261020151204013528176457
0000057863261020151204014444395016
0000057873261020151204013846692939
0000057883261020151206012489326122
0000057893261020151207013941205454
0000057903261020151212013415267457
0000057913261020151215013948911451
0000057923261020151222020337810219
0000057933261020151226014712380000
0000057943261020151231020034361620
0000057953261020151233019018417036
0000057963261020151235020034361620
0000057973261020151239019036968529
0000057983261020151239020904175817
0000057993261020151242021244501958
0000058003261020151242015053573984
0000058013261020151245013174831457
0000058023261020151249013007153459
0000058033261020151255020025351162
0000058043261020151303020064431503
0000058053261020151308013941205454
0000058063261020151313013528176457
0000058073261020151317013500711455
0000058083261020151320013872950451
0000058093261020151321026726985507
0000058103261020151321015625040277
0000058113261020151322014444395016
0000058123261020151322013846692939
0000058133261020151329014712380000
0000058143261020151346012489326122
0000058153261020151407013415267457
0000058163261020151439019018417036
0000058173261020151442021244501958
0000058183261020151457013846692939
0000058193261020151516013842524454
0000058203261020151636019036968529
0000058213261020151658013007153459
0000058223261020151659013842524454
0000058233261020151700020337810219
0000058243261020151712020337810219
0000058253261020151735020465090456
0000058263261020151740012489326122
0000058273261020151750013500711455
0000058283261020151756020465090456
0000058293261020151800021244501958
0000058303261020151808026726985507
0000058313261020151819019018417036
0000058323261020151823026726985507
0000058333261020151842013528176457
0000058343261020151846020064431503
0000058353261020151856013415267457
0000058363261020151858020337810219
0000058373261020151858013872950451
0000058383261020151859013941205454
0000058393261020151908013174831457
0000058403261020151931014765409984
0000058413261020151931014444395016
0000058423261020151955015625040277
0000058433261020152002020904175817
0000058443261020152014014765409984
0000058453261020152017026726985507
0000058463261020152018020034361620
0000058473261020152041014444395016
0000058483261020152051020465090456
0000058493261020152054013842524454
0000058503261020152105014765409984
0000058513261020152106014444395016
0000058523261020152210020025351162
0000058533271020150714012489326122
0000058543271020150756019018417036
0000058553271020150800021244501958
0000058563271020150803019036968529
0000058573271020150805013007153459
0000058583271020150820013174831457
0000058593271020150827013500711455
0000058603271020150844020064431503
0000058613271020150903020904175817
0000058623271020150922013872950451
0000058633271020150925013415267457
0000058643271020150928013528176457
0000058653271020150955020025351162
0000058663271020150956013941205454
0000058673271020150956013842524454
0000058683271020151007015625040277
0000058693271020151049014444395016
0000058703271020151137013174831457
0000058713271020151143020465090456
0000058723271020151145019018417036
0000058733271020151149013007153459
0000058743271020151155013415267457
0000058753271020151159014765409984
0000058763271020151202013528176457
0000058773271020151203013941205454
0000058783271020151207013872950451
0000058793271020151208012489326122
0000058803271020151212015625040277
0000058813271020151216020025351162
0000058823271020151217013174831457
0000058833271020151217020064431503
0000058843271020151220014444395016
0000058853271020151222019036968529
0000058863271020151222020904175817
0000058873271020151222020034361620
0000058883271020151230020465090456
0000058893271020151235021244501958
0000058903271020151239016585841736
0000058913271020151249013007153459
0000058923271020151255015625040277
0000058933271020151303013941205454
0000058943271020151304013528176457
0000058953271020151306016884160021
0000058963271020151306013948911451
0000058973271020151310016505994379
0000058983271020151310012489326122
0000058993271020151312026726985507
0000059003271020151313020034361620
0000059013271020151321014444395016
0000059023271020151322013872950451
0000059033271020151323019036968529
0000059043271020151323020904175817
0000059053271020151329020064431503
0000059063271020151336020025351162
0000059073271020151341013846692939
0000059083271020151350013500711455
0000059093271020151356020337810219
0000059103271020151400013415267457
0000059113271020151400014402904656
0000059123271020151418020034361620
0000059133271020151432019018417036
0000059143271020151435021244501958
0000059153271020151453013500711455
0000059163271020151506013842524454
0000059173271020151627013842524454
0000059183271020151705013007153459
0000059193271020151723020337810219
0000059203271020151740013500711455
0000059213271020151742013872950451
0000059223271020151800021244501958
0000059233271020151800020337810219
0000059243271020151806013415267457
0000059253271020151808020064431503
0000059263271020151814019036968529
0000059273271020151815013174831457
0000059283271020151817020025351162
0000059293271020151838012489326122
0000059303271020151903014765409984
0000059313271020151909019018417036
0000059323271020151927014765409984
0000059333271020151929013528176457
0000059343271020151939020465090456
0000059353271020151953013941205454
0000059363271020151957026726985507
0000059373271020152004015625040277
0000059383271020152012026726985507
0000059393271020152021026726985507
0000059403271020152028020904175817
0000059413271020152053014765409984
0000059423271020152054020034361620
0000059433271020152054013842524454
0000059443281020150718012489326122
0000059453281020150746013007153459
0000059463281020150800021244501958
0000059473281020150802019036968529
0000059483281020150806019018417036
0000059493281020150827013174831457
0000059503281020150843013415267457
0000059513281020150853013872950451
0000059523281020150930013528176457
0000059533281020150938020064431503
0000059543281020150950020904175817
0000059553281020151017020337810219
0000059563281020151020015625040277
0000059573281020151020014444395016
0000059583281020151024020025351162
0000059593281020151028013500711455
0000059603281020151032013842524454
0000059613281020151035013941205454
0000059623281020151105019018417036
0000059633281020151135013174831457
0000059643281020151139014765409984
0000059653281020151145013415267457
0000059663281020151151019036968529
0000059673281020151151013007153459
0000059683281020151151020904175817
0000059693281020151156014444395016
0000059703281020151156020064431503
0000059713281020151200014402904656
0000059723281020151206013872950451
0000059733281020151207013500711455
0000059743281020151207013528176457
0000059753281020151207013941205454
0000059763281020151221021244501958
0000059773281020151221020337810219
0000059783281020151221013174831457
0000059793281020151243015625040277
0000059803281020151245012489326122
0000059813281020151251014444395016
0000059823281020151251013007153459
0000059833281020151253020025351162
0000059843281020151253019036968529
0000059853281020151254020904175817
0000059863281020151303020064431503
0000059873281020151303026726985507
0000059883281020151304020337810219
0000059893281020151306013872950451
0000059903281020151306013528176457
0000059913281020151307013500711455
0000059923281020151307013941205454
0000059933281020151318026726985507
0000059943281020151319020465090456
0000059953281020151324013846692939
0000059963281020151343012489326122
0000059973281020151345020025351162
0000059983281020151348026726985507
0000059993281020151352013415267457
0000060003281020151421021244501958
0000060013281020151423019018417036
0000060023281020151450013842524454
0000060033281020151557013842524454
0000060043281020151653020034361620
0000060053281020151702013007153459
0000060063281020151723013174831457
0000060073281020151741020025351162
0000060083281020151753020904175817
0000060093281020151754019036968529
0000060103281020151755013872950451
0000060113281020151758020064431503
0000060123281020151800021244501958
0000060133281020151817020337810219
0000060143281020151824019018417036
0000060153281020151833013528176457
0000060163281020151834013500711455
0000060173281020151841012489326122
0000060183281020151849020465090456
0000060193281020151859014765409984
0000060203281020151913013415267457
0000060213281020151933013941205454
0000060223281020151945014444395016
0000060233281020151946013842524454
0000060243281020152000020034361620
0000060253281020152008015625040277
0000060263281020152017026726985507
0000060273281020152046014765409984
0000060283281020152155014765409984
0000060293281020152157013846692939
0000060303291020150710012489326122
0000060313291020150750015625040277
0000060323291020150800021244501958
0000060333291020150802019036968529
0000060343291020150816019018417036
0000060353291020150836013500711455
0000060363291020150840013174831457
0000060373291020150905013872950451
0000060383291020150914013528176457
0000060393291020150915020064431503
0000060403291020150922013007153459
0000060413291020150923013415267457
0000060423291020150938020904175817
0000060433291020150942020337810219
0000060443291020150950014444395016
0000060453291020151015020025351162
0000060463291020151047013941205454
0000060473291020151048013842524454
0000060483291020151053020034361620
0000060493291020151150013415267457
0000060503291020151155020064431503
0000060513291020151157019036968529
0000060523291020151157013007153459
0000060533291020151157020904175817
0000060543291020151159020034361620
0000060553291020151200013174831457
0000060563291020151200012489326122
0000060573291020151203019018417036
0000060583291020151205014765409984
0000060593291020151205013872950451
0000060603291020151205013500711455
0000060613291020151205013941205454
0000060623291020151205013528176457
0000060633291020151205020025351162
0000060643291020151207014444395016
0000060653291020151209015625040277
0000060663291020151221021244501958
0000060673291020151227020337810219
0000060683291020151255020034361620
0000060693291020151259026726985507
0000060703291020151301026726985507
0000060713291020151304019036968529
0000060723291020151304020904175817
0000060733291020151305012489326122
0000060743291020151305013007153459
0000060753291020151305013174831457
0000060763291020151305015625040277
0000060773291020151310013500711455
0000060783291020151310020025351162
0000060793291020151310013528176457
0000060803291020151311013941205454
0000060813291020151317020064431503
0000060823291020151318016505994379
0000060833291020151319020465090456
0000060843291020151319013872950451
0000060853291020151322014444395016
0000060863291020151330026726985507
0000060873291020151331013528176457
0000060883291020151334013842524454
0000060893291020151347013846692939
0000060903291020151349013948911451
0000060913291020151357019018417036
0000060923291020151404013415267457
0000060933291020151421021244501958
0000060943291020151447013842524454
0000060953291020151622019036968529
0000060963291020151704013174831457
0000060973291020151714019012418715
0000060983291020151722020025351162
0000060993291020151743020465090456
0000061003291020151746015625040277
0000061013291020151755013007153459
0000061023291020151757013500711455
0000061033291020151800021244501958
0000061043291020151807019018417036
0000061053291020151810014765409984
0000061063291020151821020064431503
0000061073291020151824012489326122
0000061083291020151827020904175817
0000061093291020151829013528176457
0000061103291020151834015625040277
0000061113291020151847013872950451
0000061123291020151914013415267457
0000061133291020151917014765409984
0000061143291020152019013941205454
0000061153291020152050026726985507
0000061163291020152143015625040277
0000061173291020152144014444395016
0000061183291020152153013846692939
0000061193291020152154014765409984
0000061203291020152155020034361620
0000061213291020152200013842524454
0000061223301020150723012489326122
0000061233301020150728013415267457
0000061243301020150748019036968529
0000061253301020150753013007153459
0000061263301020150800021244501958
0000061273301020150807019018417036
0000061283301020150810013500711455
0000061293301020150846013174831457
0000061303301020150901013872950451
0000061313301020150908013528176457
0000061323301020150922020064431503
0000061333301020150923020904175817
0000061343301020150932020465090456
0000061353301020150939020025351162
0000061363301020151029013842524454
0000061373301020151038013941205454
0000061383301020151120015625040277
0000061393301020151144012489326122
0000061403301020151155014765409984
0000061413301020151155020465090456
0000061423301020151159013528176457
0000061433301020151200013872950451
0000061443301020151200013941205454
0000061453301020151201013500711455
0000061463301020151201013174831457
0000061473301020151201015625040277
0000061483301020151201019036968529
0000061493301020151201020904175817
0000061503301020151201013007153459
0000061513301020151202020064431503
0000061523301020151206013415267457
0000061533301020151209026726985507
0000061543301020151236020465090456
0000061553301020151241021244501958
0000061563301020151245019018417036
0000061573301020151303013872950451
0000061583301020151303013528176457
0000061593301020151303020025351162
0000061603301020151303013174831457
0000061613301020151307013500711455
0000061623301020151307013941205454
0000061633301020151307019036968529
0000061643301020151307020904175817
0000061653301020151307013007153459
0000061663301020151310020034361620
0000061673301020151310015625040277
0000061683301020151318020064431503
0000061693301020151343013846692939
0000061703301020151351020337810219
0000061713301020151357013415267457
0000061723301020151432020025351162
0000061733301020151441021244501958
0000061743301020151534013842524454
0000061753301020151540019018417036
0000061763301020151638026726985507
0000061773301020151654026726985507
0000061783301020151706019036968529
0000061793301020151706013007153459
0000061803301020151731013174831457
0000061813301020151739013842524454
0000061823301020151741014765409984
0000061833301020151748020465090456
0000061843301020151813013528176457
0000061853301020151816020025351162
0000061863301020151836020064431503
0000061873301020151837012489326122
0000061883301020151837013500711455
0000061893301020151839013415267457
0000061903301020151839013872950451
0000061913301020151839026726985507
0000061923301020151854020337810219
0000061933301020151908019018417036
0000061943301020151908020034361620
0000061953301020151926015625040277
0000061963301020151934020904175817
0000061973301020151937014765409984
0000061983301020152007013941205454
0000061993301020152045013846692939
0000062003301020152045014765409984
0000062013301020152045013842524454
0000062023311020150726013397062453
0000062033311020151707019018417036
0000062043311020152003019018417036
9999999990000000000000009480000000000000000009
